3863
421
4584
3670
3448
1690
374
474
2634
2150
4032
1813
4744
2747
87
229
4166
2138
3393
1053
1204
5863
83
5757
5878
5830
5494
4924
3615
847
4677
2699
1050
4956
4679
2798
1370
2251
4724
2175
3311
2582
3784
4542
510
4359
4528
3765
5153
1538
2479
4957
3547
1978
2379
3711
3
101
2468
1776
2636
5214
3518
5177
1919
1096
4490
298
5973
1462
4705
1019
3764
918
4476
4951
5627
5189
1627
2113
1688
2043
4616
728
5545
3298
4781
5798
1408
639
5949
2439
5935
4656
5007
2492
5567
4947
4074
4814
5285
2195
4618
790
4455
741
4758
3617
4665
1537
281
5942
5250
5016
3692
3023
912
3783
1489
2249
1418
5561
631
5260
1042
1131
2170
5679
223
3067
3121
3429
879
1933
1823
3271
3594
5894
5723
5406
2951
471
5399
5335
2920
5814
853
1698
165
2824
860
1959
3204
3524
439
2380
597
4333
1989
1368
3977
257
3878
3289
3490
3381
2558
3654
1058
1853
825
4180
3843
354
136
3921
5466
3333
1170
5741
2943
1702
1460
3905
2452
2227
1835
1559
876
3624
3710
4715
5983
3256
3336
3893
4637
2310
1691
2610
4394
2436
1220
5221
862
890
2302
4376
4507
2662
4859
2665
2633
3806
5416
2122
3353
1079
4183
5557
2459
665
3071
2164
1016
79
2795
842
1512
3031
3146
2300
1558
1458
3158
5395
2364
4564
3144
2806
1523
2232
5200
5740
4627
4303
5547
793
3319
65
3954
1682
5977
4508
1395
5737
5017
5591
3250
5348
280
712
3601
1560
1565
1384
4170
3801
3142
2900
2651
5734
1644
590
4936
1160
2018
5514
4729
477
1357
5064
464
3320
1468
635
4775
5274
1991
2025
3666
4916
4567
5810
567
1624
5820
4668
2385
5802
2906
4561
4148
5003
650
485
1309
980
3444
5223
2799
4060
172
3653
2212
5078
3310
4371
5446
21
1196
4446
4127
424
5585
4635
1517
2491
1381
1670
2067
3017
5009
3962
117
1029
684
4982
2677
3424
3598
5296
5280
316
1928
2189
3773
4913
102
754
1024
170
5128
2973
4974
1924
5273
3052
2044
4116
2769
5410
1805
996
5556
568
4267
3447
4249
1192
922
5161
3279
2941
4544
3818
2927
1572
3909
2967
4063
1451
3395
3839
4357
4880
1536
3859
5563
1715
349
2428
2258
1822
304
405
1312
585
3952
3796
4398
3493
5085
5245
19
5318
4768
2163
2918
231
4976
3212
2186
938
1328
3491
4212
3674
5792
5677
3840
1173
5941
4603
5819
1700
4492
3682
653
2825
219
3041
1751
5809
1737
4162
3665
2056
5248
1219
5579
3133
574
3573
2842
3884
5969
3026
2496
5253
3093
1206
3817
1270
344
1162
2746
3203
1171
2660
4414
625
3892
2753
4380
530
697
3407
2853
2033
1753
2816
4076
228
939
85
5411
1726
5966
2595
419
4581
1956
3387
1554
1496
2913
4902
2656
2832
4416
584
5433
4115
2863
1262
4014
5219
2683
140
533
2037
4575
1372
5937
3442
5597
1913
1884
1178
3904
2553
4283
5846
2925
4925
1426
2528
5193
5403
1968
3104
377
1333
3920
1857
4430
5377
5987
1693
3745
5482
1423
1117
2021
167
426
1229
4682
3844
681
2899
1910
5413
644
1551
749
4325
1704
5082
3580
5156
3507
4415
5869
1420
5980
2119
1161
2661
5684
154
2717
133
3515
2983
4585
3803
4353
2533
4918
3809
4892
763
2412
1623
4801
147
4695
5799
3101
1806
4841
388
3145
3219
5590
826
5075
2072
1761
1483
328
2602
261
307
4629
4287
451
1198
95
1696
588
769
2695
3775
131
1269
768
5806
3085
1729
3975
5738
3131
4310
4226
3631
5096
990
5604
5307
5856
3173
2924
5379
2158
4944
1150
4633
4165
3730
461
3235
5724
3699
995
765
5541
2133
4369
1671
4543
320
680
1908
4953
4340
1083
999
4525
4401
43
5475
4595
2108
1241
4173
81
76
5518
5080
3038
5073
3780
5774
3242
5961
1746
2234
2890
425
5745
1515
5703
4403
839
774
272
1288
3504
139
3768
4327
917
812
4926
5454
4644
4592
662
2721
5024
1905
3777
4683
2178
610
5358
371
1571
1254
2417
3883
3924
4825
3068
3538
2213
2296
4176
600
3707
5252
823
2762
2587
3110
5036
3868
3931
2583
1390
2566
2930
4546
1252
3600
1450
1043
4933
916
1766
4968
1473
5575
5308
2776
4680
4405
3726
1683
5560
1400
235
2638
3316
4804
4813
1015
53
1745
716
4343
5864
1027
2297
920
2752
214
2274
3583
4426
2325
3981
2082
5860
1940
5170
3313
4482
1233
5249
490
1633
4861
3384
3096
5853
4593
4211
2726
2336
1871
5975
3394
3335
364
3985
2948
4086
4288
2562
5895
2861
4119
571
3287
4754
1570
3861
4318
5885
285
3418
4731
5385
2493
2136
5268
1791
5858
1939
3938
3132
376
1629
3606
1719
2038
4232
1138
5955
2128
5570
1243
2897
2792
5617
1294
1980
1747
2068
4735
5100
2807
1194
1604
178
2014
758
2725
596
1055
2522
4440
1213
1589
894
537
3586
4311
5668
5533
114
3897
4719
427
1319
1689
148
3743
2622
5107
733
2811
3719
2340
1534
1891
4664
2879
3610
2691
4334
2887
5643
1412
3480
785
5439
2266
5429
2337
2767
1628
4347
2184
416
1709
1258
4512
3854
197
3908
3782
362
4946
3030
2891
132
5397
691
1921
3223
4201
2155
1289
4228
39
3391
5083
3285
967
2055
3000
306
4216
968
2112
5227
3578
36
2597
2733
725
5261
2744
3445
2969
2081
2304
3049
3402
5486
455
1858
4888
4493
3542
3195
497
3024
4187
2600
2516
2482
4539
5876
4829
1495
3097
656
436
1201
2933
4999
882
1734
3151
2395
3471
1389
1723
2672
5573
5437
5646
755
1610
972
2272
89
151
1867
4335
2945
204
5990
184
5046
2144
4239
4429
3688
5204
4266
3425
3754
1810
4349
5586
1041
3167
807
526
3246
2162
3340
4068
3450
5626
798
3478
5957
4580
2229
2912
3194
1861
1484
2140
1820
4358
1439
2629
5396
2484
1508
341
1947
5157
3996
867
4548
4269
3033
835
923
2524
2179
3802
1971
276
18
1562
5364
381
2387
4990
5089
2612
836
2183
2319
1864
3683
444
1075
993
715
1488
1104
1816
350
3576
4810
2926
5292
2759
4354
3057
4069
1403
1617
437
3949
1787
5461
1182
4111
1850
1105
3939
77
2467
3109
528
4878
1960
3872
4083
3218
3268
3611
5222
3879
686
3995
209
3106
5391
4018
940
1084
456
617
3422
687
4736
105
2278
3043
2623
3348
5025
1724
3003
4066
1561
1762
2946
952
2156
2391
3771
5777
1501
5763
4064
2182
25
5001
3455
4088
265
5719
1409
3122
4035
8
295
4898
234
5205
1164
2205
2305
5447
4279
881
3002
1476
806
737
3154
121
4205
3186
1875
623
816
3277
1996
2135
2287
1591
4558
2564
5536
5503
3484
5992
3706
5580
4910
1437
2802
911
5681
4093
2869
4408
4300
3715
3898
5511
2332
1067
201
2514
587
2671
1598
4620
2820
4609
791
3557
2679
5548
2421
2211
5207
3519
5331
454
561
2910
1325
5071
3193
5708
4156
2932
5926
1526
1109
67
1522
5162
3781
1277
3489
1110
2962
1227
4984
64
3712
4114
2664
5237
150
3562
4133
5130
1422
4742
4469
2087
5192
1677
5652
1911
5593
1261
1883
5144
3481
1932
1297
5982
44
98
751
1902
907
3808
4219
2787
233
4917
4642
3206
2702
3346
3080
5816
1316
1575
1271
3605
1090
5266
1292
1854
4022
3735
1410
1332
3968
748
2844
1798
5229
402
4128
2106
3590
5263
4330
263
5664
1163
4547
2157
4003
3649
4384
2381
953
4052
1057
2628
1511
801
2578
5526
5551
3496
5713
5927
5898
2483
1022
3999
3176
2898
2877
2867
5004
2878
1519
4293
2585
135
3152
5500
5374
4178
4424
1660
1367
397
4223
3729
2139
459
393
5299
4745
551
4151
3979
2085
3567
2160
4631
1230
1997
2537
2785
1405
5944
3102
1909
4790
943
815
2293
366
2204
5981
2756
3866
935
1154
5163
5776
4741
3510
1567
4130
759
744
4708
2644
4225
66
4209
5173
4980
880
4862
1065
2322
5321
4678
1465
2697
500
5438
4044
1051
2531
3328
4040
2591
2909
3209
3358
4868
2461
3550
4193
68
4713
5415
5435
5825
2884
5845
4164
4258
260
3332
4475
5880
4530
1808
548
2732
5201
1387
827
3958
5262
1456
1836
1393
4694
1811
3887
904
594
3636
5954
5414
3147
2823
5831
1916
5499
351
1127
4233
317
5247
4952
2902
2397
5546
4470
4660
4090
2841
2080
367
2288
1054
992
2339
4872
5725
2420
4816
4277
2450
4788
221
4013
1563
322
855
1668
2517
4789
4025
3537
2368
1190
3856
2487
3951
1031
5576
5178
4769
491
3453
5135
4106
267
4495
5651
3479
283
3691
1236
4286
2559
4189
2103
5452
2286
2810
3126
5053
540
2748
1475
5938
5755
3184
5090
5634
2137
358
5940
1349
2818
2086
5801
5234
2048
3641
1441
423
1453
4316
248
2308
3857
2889
4079
4348
188
5314
4010
4314
4832
2947
4072
1434
1211
4142
2999
1059
1738
1125
126
2376
5953
3066
3377
244
5707
3349
3761
4811
5281
4387
3530
4011
3069
5768
4834
1010
2817
5295
784
5974
2026
2740
3081
3431
4160
766
400
5376
2712
4332
447
4516
4949
5068
4869
698
3248
2004
3662
685
501
848
3060
5632
1918
4747
736
2875
2198
576
473
742
2215
457
1599
5
1224
2418
2320
549
1077
3224
3470
3966
1915
1338
5031
3363
649
1713
1636
5606
2477
2008
611
973
2928
2729
4431
4001
2650
1174
4600
5505
4763
2982
3976
2230
3973
146
3079
5097
4497
1878
1783
1023
251
1134
5054
4586
757
1045
2408
760
2130
4167
3432
303
5239
3664
210
4174
4931
2526
1470
4445
5501
357
1596
2185
702
1477
3823
4777
3485
4
392
4169
55
2916
832
1202
566
4243
4702
1366
2334
505
1399
4652
3161
2515
1985
1887
2046
4663
5968
1659
1626
2309
3991
1442
638
2244
3871
2709
5678
4437
2594
2686
4617
3798
4796
3608
1552
3579
2105
5450
4498
1212
4196
4510
5112
3655
5381
5960
891
5282
1169
819
669
5667
462
3446
4770
2223
4986
2637
1782
5154
595
1674
3411
2372
5012
4046
2438
3213
734
5834
4987
3474
668
3659
4182
5124
5989
5948
3723
4141
2958
4342
2652
504
2809
3398
3943
2641
460
2856
808
1901
2265
2862
2761
5218
776
1369
3073
1992
2560
4853
1076
5716
1859
5965
3427
1687
1298
1026
926
4535
3210
4812
2601
3942
2238
441
4893
534
5393
1815
5255
2765
5752
3701
1345
1232
319
2829
169
5995
1306
719
4411
1324
4684
5032
5114
5440
161
4453
4978
2713
4217
297
2480
4983
5375
1494
4097
2509
5615
2851
11
4410
2151
5764
5796
2738
5171
5640
3834
3961
2490
5850
3587
2435
4019
4433
3428
4619
2009
4489
5550
482
3646
5655
245
4646
4451
3514
5148
1988
1157
1743
2504
5581
5746
1093
1765
3635
4626
2868
1855
580
1620
4890
5623
3593
4996
2784
5787
506
605
1945
3376
5650
1417
1499
2118
1073
4168
921
3686
107
4324
1040
3077
4797
4928
2393
1314
1264
278
2362
90
5243
1641
3214
5390
5883
5109
2040
5451
5101
2049
1329
1089
5448
1411
4771
5196
699
5848
3874
981
1226
3347
2880
5044
192
3826
481
524
2000
2826
983
1763
3994
2378
1583
950
4036
395
4006
3245
3318
1392
2760
3850
2019
4240
4531
2777
120
2997
5861
3728
3500
4756
4260
1491
2630
3984
4792
1463
659
910
1625
468
5840
2696
3011
5946
403
4054
2625
1365
965
152
985
2833
5008
1239
5998
5487
957
180
4073
2624
3456
2871
3698
4846
2104
977
593
1705
1845
3044
5872
5621
2054
2499
4605
1186
3045
5811
5289
5061
2430
1402
3286
5312
2698
1701
2497
5714
1480
1379
780
5382
3415
3512
3130
4389
237
5455
2754
3014
503
4419
3359
2961
4131
3585
1037
417
71
3341
5062
875
4594
861
1896
5407
3159
1632
3107
786
390
5669
414
2506
166
4462
1061
1407
4171
2245
2425
3274
5131
5142
5323
5647
2883
2171
4597
4722
4574
2240
4366
1443
814
422
5081
4560
5886
4645
954
5324
5844
4213
2006
3667
5425
4835
2351
4905
1977
2347
5272
1969
994
5184
4396
1255
3309
4136
525
4135
5833
4255
3234
2209
1794
1062
1642
3974
5622
5134
3852
1770
5457
1930
1433
986
4932
2327
4669
2481
4672
1184
509
519
4550
941
3548
5000
3354
5372
1172
925
361
3565
3907
2793
5480
1272
1718
2373
4337
2507
391
5996
4857
613
5313
1649
2363
5631
1082
3669
2580
268
1118
2840
331
541
2864
3322
3970
4884
253
2207
2727
4896
1594
1344
4598
4767
5704
909
2791
3679
970
2424
1380
5899
4973
28
379
3919
2658
1612
5159
75
4221
2141
239
4484
227
5088
100
2990
5565
5432
1607
778
892
5194
2546
2111
578
4570
714
2329
559
2306
5791
2907
2923
5485
2771
735
5516
3746
627
1287
5862
4552
3997
3625
5554
1979
1005
3529
3639
2390
5835
1541
5682
846
5027
1889
1640
863
4081
2469
1141
3836
2722
5010
4690
2992
632
3486
942
6000
3955
979
1549
5889
1341
4725
2451
2584
5795
4969
4027
4423
1876
3408
3769
401
4393
3693
5043
1376
4181
997
2444
385
4190
69
3832
5991
4573
2935
1415
753
3989
1998
2994
5904
1253
5916
1777
2433
5967
5849
1148
5871
4709
5587
2047
3405
2453
4199
3401
463
547
206
4706
3511
2239
3312
2819
4751
1080
137
5891
1354
2981
5675
945
4397
1513
106
3440
619
5683
2460
2575
3373
603
5284
1792
5549
2616
988
1036
495
5614
5692
51
3770
583
1429
601
3541
5524
5866
2259
3297
520
1281
4037
5231
4038
2959
3558
854
5115
1383
159
1555
4972
3075
1846
865
3564
5919
1505
1144
1245
5906
3597
4851
4785
2529
3443
1359
1452
5055
5918
5693
529
2561
4215
2563
4367
2243
1097
5240
1362
4406
3423
5641
3094
5997
1011
4608
4803
1143
2708
3061
2774
5659
1388
3180
469
1990
5972
5465
5804
1888
78
560
2078
3329
2931
1002
3430
183
5146
1321
2074
4643
1597
1881
5800
3183
20
5123
5158
2576
1274
4245
110
5701
5291
1397
4852
5672
4894
5212
45
2091
4638
2518
5525
1189
1431
1427
2828
4045
1256
218
2447
3120
5361
1655
4870
5744
252
5735
3842
277
2800
2508
74
3788
2263
3876
5609
5106
5022
4806
4281
2276
2165
2502
2440
3276
472
1790
5151
1892
3020
518
4514
1663
2911
4282
1944
3025
1307
3047
1631
896
962
5985
3742
4704
2214
4146
2356
1893
103
5405
2071
5026
1897
4994
647
4121
1371
335
2445
1421
3406
1210
5279
1899
2200
1648
1739
4250
17
4471
4016
5359
5441
222
1301
3345
1802
4350
1020
3888
4004
5555
5119
3778
383
4082
900
4909
2107
1315
3748
4098
5644
5389
4712
394
4532
4096
3880
4057
2626
1183
4614
1942
779
1904
4881
336
2609
3273
1302
1755
4526
363
38
2321
5674
3437
3371
1647
4634
1320
3300
438
3331
948
4791
845
205
5535
5788
3222
3811
5428
5121
3272
1557
3383
3163
70
1286
3960
1831
602
2465
4373
452
122
1894
4313
2100
4218
4456
3118
5552
5315
5843
2423
1694
3592
3969
803
2620
4815
1669
3612
4100
2675
4023
3035
2109
4517
5522
4292
1351
1844
5660
314
2615
4214
4301
300
5813
3505
387
2495
694
3166
660
2680
3315
5275
739
2569
3737
1358
365
5095
3643
3627
2938
3521
4778
5529
538
2443
5823
5079
5472
294
4540
2271
3226
645
116
5293
58
5041
4967
5286
2394
5645
2333
3113
3925
4351
1467
5821
5211
2936
4693
4571
4379
1378
3419
409
275
4908
5709
998
4208
4641
2168
5739
3086
1193
1308
1768
4849
3604
4124
182
2117
1406
5797
1266
2400
5887
3259
5827
2715
2235
1900
5786
3103
2341
3135
1542
5925
5460
2540
3766
5383
5564
4087
1974
5301
1446
2280
1672
1778
3477
4625
1877
2114
130
5394
5050
4421
3191
4352
450
1472
4522
2667
726
4486
5143
2539
4533
2773
1710
3912
6
4753
933
5697
3814
327
442
1931
3390
2873
3793
1221
3200
3367
3566
5402
141
2666
59
1866
4836
5778
1771
1283
3192
4538
3263
4042
5129
4179
4831
217
2822
738
3053
3378
3681
3900
3321
1841
399
3016
1086
4676
1774
2181
873
2772
246
2267
208
1348
1001
4220
4697
2422
1012
3426
4740
1436
2547
4845
1464
5952
493
5058
2860
1695
5459
4820
579
3709
3591
895
1482
1435
3694
5913
899
5712
878
2977
3506
1176
857
3957
1547
1091
1605
2262
3400
254
4549
5730
4588
4085
3476
431
4940
4026
902
700
1158
2110
1454
3141
3128
1550
5544
2835
5132
4779
3933
3372
5717
1438
2542
4906
4895
3889
446
196
4889
3288
955
3881
326
1504
4793
1167
1720
9
2406
1983
3747
3650
5276
138
1834
1497
3355
4752
818
2988
3753
1923
4855
5063
1964
2225
5404
5775
1925
4370
4541
5187
299
4210
2567
1107
5807
3467
5442
4798
2097
643
4195
5530
2188
2153
5251
1203
2998
325
677
31
3644
777
330
3533
5319
556
2653
1880
2448
5045
2121
5890
3488
4800
1637
4192
5093
3695
5021
4080
946
1962
4065
5528
4117
722
4202
3247
3138
3870
2120
3483
3890
886
1310
1313
856
5076
5689
1149
3417
4264
1342
1706
359
3609
4050
1553
750
5732
2673
3971
3029
4237
3125
4108
3314
3540
4222
458
1814
615
851
3187
3795
1679
1242
5994
2257
4271
4854
2375
3410
804
3042
4582
2402
1651
5213
5125
2324
5594
1250
756
2757
3382
225
1279
5984
5366
5496
2248
5346
3797
5917
648
5019
5067
5951
1717
2797
2488
1498
2146
3018
2311
3270
4302
2367
4459
1781
5190
5743
2035
2371
5483
156
3786
5527
1622
5302
4034
3837
1137
1323
3281
5758
4159
557
7
1034
2551
3833
775
508
640
3917
2398
224
4204
5228
5999
2618
2684
1047
4919
1209
5624
5051
4438
5430
1748
928
3972
1326
695
1244
1842
2939
3618
4993
3021
4295
226
3980
2176
724
4154
49
4417
396
2534
5572
4276
1545
5180
5330
202
296
4505
3059
13
4721
4305
5210
3993
3901
514
2030
2058
1592
974
4056
3304
2866
4578
1951
2405
1833
3651
453
4452
5353
2458
664
2197
5773
1181
624
5264
834
2498
4941
5706
4041
4911
4885
3160
4251
3680
2314
4587
2011
3156
4322
5225
5343
1428
608
3894
3767
515
2057
820
5141
2593
5785
2520
2159
663
552
666
2260
5726
1767
2827
2688
5208
4824
989
4962
4711
4145
3549
4938
250
5434
3487
5334
4750
3714
5209
5805
2716
5056
4730
3434
796
1123
5216
527
4139
4864
3201
4355
119
689
4562
3123
614
2088
4879
850
2758
3903
3409
3463
236
1401
5380
3216
3563
1914
5695
1732
2349
3438
1205
3785
5342
2614
5902
4487
3185
5309
1759
2474
5589
2592
4015
5715
1135
269
3499
3575
4113
5686
302
3963
5013
4612
4494
3663
2971
433
5367
5497
2646
382
4089
1231
3623
4372
5583
824
3495
3716
872
5963
3613
2282
4766
4377
2220
3283
5520
5127
5625
5857
762
4977
207
2059
5033
215
5808
5874
3001
1804
4290
898
5355
5900
573
1699
4278
2073
5933
479
3039
3155
3140
1754
1812
5847
2331
3494
1873
4336
3037
4047
5509
1146
2921
2256
5783
4368
5197
4197
3845
489
4306
4809
2099
5613
2882
3658
168
2995
3403
5015
5236
3642
3815
4185
1215
3763
3051
1527
1681
3181
4537
864
971
287
3603
4009
4955
4078
2523
3791
1217
1485
710
4153
4795
1532
2326
5936
4685
3062
2552
3758
4091
5422
2596
2360
5656
3757
1885
1697
3326
4718
412
2750
5238
5020
2298
5577
5006
96
4434
3473
1048
4356
2905
2821
4819
3196
5345
2455
4979
4067
802
3702
1459
2838
2254
3819
29
2076
5603
1621
1917
4109
5256
813
3169
2693
3734
2268
5829
5600
3082
3436
888
2510
3724
5911
4395
4632
4636
1821
5728
636
5169
3083
3070
3614
3762
2723
2313
1502
3063
4903
2794
470
2836
3953
2472
629
2124
3577
913
2154
2218
2196
2511
3776
164
2323
1521
5139
5102
4942
176
4273
5188
5453
4155
4468
5191
2016
1838
674
1654
5445
3116
4875
1955
1680
3622
4782
3013
987
1071
5601
1503
5220
2149
4412
1982
2805
1014
4504
3267
2317
408
2949
4323
3188
309
3789
4030
5338
2489
1179
4503
3572
195
1773
3237
1847
2556
238
1840
2786
641
1249
883
498
4420
5412
5842
4687
5186
3324
82
1556
3127
1355
2346
4559
1943
1578
5756
1676
1530
1094
2544
5339
339
1634
4524
3570
3956
2404
4701
1749
2429
2399
3875
2972
155
4077
5398
4231
4152
3492
5290
1466
1074
4432
1033
3050
2203
3816
4308
1373
4158
5456
5365
2714
4259
5332
5727
3420
4500
4732
3295
771
4261
3790
3010
249
4948
3088
191
4481
4563
5945
5408
4887
2125
2855
2095
3520
1824
5666
2627
3385
3229
5751
2808
4362
2985
1510
5770
4640
521
4871
604
2063
2069
5691
3055
3948
874
5029
2002
5747
3858
2922
2755
1685
3078
247
4991
4710
5657
5133
2129
3725
3198
4238
5817
5929
4961
4386
3689
5930
5491
2548
5329
4307
128
2358
1948
5680
2872
1731
2632
5277
5417
5979
2904
2253
2703
5559
47
3240
5605
3157
723
1772
4900
1260
2388
5986
5748
1727
5574
1102
5226
4904
3910
4224
1843
2512
3678
3351
5206
5923
4860
3531
5607
3799
1585
34
5588
3215
2876
1796
4624
5424
1981
2598
5350
5233
4703
5892
2801
1520
2210
5418
1375
355
5392
1013
3589
2940
1070
5772
633
709
4029
1098
4272
5958
1742
4817
5711
1126
3616
2914
767
1639
3877
2956
5195
5479
1113
2543
2242
3134
5333
2190
3528
1869
1152
4912
5922
3873
5086
5481
569
5181
2236
582
290
3337
5642
4270
1391
782
2231
5762
2051
5879
1868
1018
4865
5582
5038
3759
2590
3501
4329
5542
3325
1922
1890
1175
3978
129
99
4566
5506
3008
2663
591
3633
279
4110
274
2284
1259
4099
4346
5909
4385
1282
5970
1112
4837
4375
3253
5493
1049
1153
3293
2410
4692
4805
1788
3647
3599
2466
3269
3092
10
5270
5947
5328
5325
1185
1124
5608
2134
1337
2952
5489
93
562
2
80
958
4557
4442
4621
308
4101
2603
1740
651
5084
5014
5753
5616
5478
352
3190
2513
671
3657
5167
1044
2555
2668
4107
3551
2870
1295
3231
3308
2643
956
3774
1
1973
4441
833
1760
3027
2199
3841
1635
869
134
693
3414
14
2766
885
708
1716
3869
4062
3543
5492
3914
5901
5517
3532
670
2427
3464
1966
3399
2093
2366
5824
2330
717
1248
230
4628
1100
2449
5242
2407
4246
26
1895
4877
565
255
1849
1235
532
2142
4400
3828
2039
2471
3936
1432
1995
1728
599
4138
4963
3813
5484
4555
4002
5174
4360
1926
5011
5215
404
465
264
5232
2685
5513
4927
1246
3891
3117
2434
3352
1195
2290
1300
321
2028
5357
386
3998
1066
5905
976
2745
5767
5553
5519
3584
5568
1216
4378
5592
1653
3251
1159
622
4383
2354
4479
963
4112
2974
5303
927
770
3835
1936
3009
2635
1714
5771
1618
3812
2847
4655
1136
1903
16
5671
428
2222
3361
185
3864
476
5620
1240
1396
809
2145
3517
3965
2283
1276
4309
5436
1177
536
4172
612
2089
1440
4842
212
4207
286
564
4989
4827
3258
1130
4263
3671
606
1817
4157
174
3236
3661
522
3374
5048
1580
4659
3741
1106
2881
1129
3327
1803
2852
2050
914
3865
3344
4230
32
871
1736
3458
5362
4985
5978
338
5072
3005
413
5504
2718
2953
1346
3721
4418
5838
592
4823
2640
1865
5599
1972
4161
1994
63
2554
5352
3165
1267
1707
628
1493
3648
1797
4762
2535
5964
5971
4997
2246
1060
4363
3896
1394
1525
2505
3740
3252
5943
2670
3687
33
1675
1912
2742
2403
3621
2191
1779
4200
2228
15
2605
4177
1529
4186
5092
794
5931
3596
707
1025
4536
2096
3927
2908
3170
3064
2475
4105
5099
1039
2814
3672
969
4407
3553
729
1335
2734
3182
4409
2343
621
3254
3439
5733
4422
3124
598
4728
5688
72
4257
5828
732
1305
4075
5087
2621
271
1795
3056
1247
1188
706
4477
1658
4028
4765
577
345
1712
1445
1156
2813
5873
337
3849
858
618
1120
5839
3465
3303
4743
4339
332
1870
5241
2728
3098
5897
4786
353
1963
2279
2608
171
3731
2831
2454
4122
1000
2192
838
5254
2166
3143
3087
2849
4565
5373
2613
2315
3350
4838
2116
4700
5172
1692
703
5782
811
4873
5584
721
4691
3280
1285
3571
982
5470
2687
3172
830
1006
2292
2768
291
1035
2730
259
1735
5423
1251
4613
3800
3522
523
1278
3690
3032
499
2132
3307
5069
5729
1257
5297
310
5098
5049
3421
2384
1566
1132
3370
4833
5444
1500
4039
4502
1284
3704
4959
2545
2503
4615
5915
1613
4863
4299
97
4518
157
3545
2017
1827
4134
975
216
434
550
3756
4436
2180
5566
1296
3265
487
2834
1579
5754
2241
5690
1801
4883
2052
2441
30
4553
2568
2720
2277
3299
2845
1430
1601
1616
4491
3022
4103
4981
3108
3048
2676
3940
609
5288
4448
2789
2102
2705
5354
3855
4866
1588
2572
1665
5633
5378
429
5881
2301
5908
2432
5371
3330
2202
3516
4661
375
1290
1092
554
1514
5950
2357
5140
4317
4630
3739
1863
1398
5467
3178
1487
84
3072
418
4465
932
4939
849
4132
630
1793
3675
3179
1986
2815
2954
1414
675
4268
3228
5183
5510
5488
5959
4513
23
3703
718
2573
2303
772
5718
3569
4699
3935
1052
4653
5230
4402
3261
761
3498
2538
1492
5537
5571
1807
5057
3004
1166
1180
3527
3404
2463
313
5074
2392
1789
1471
2041
1764
3468
5002
3708
5138
1103
3738
4244
5596
5639
4092
4391
572
2007
3019
3676
1862
2550
1752
1975
27
3136
3539
5731
2980
1703
5179
5803
1756
1363
94
4511
2888
3830
125
1449
4241
4734
4061
5304
4739
1950
5903
232
3717
2365
4675
160
5893
3915
4235
5784
5122
88
3189
1404
4529
4830
1819
512
1208
4427
2659
356
3040
2846
3568
1568
2530
3357
951
2070
1228
4901
5469
149
4425
3454
5287
2077
4304
2896
1318
3581
3700
1072
3233
745
1544
2950
5702
877
4084
5360
5868
5750
3885
5852
5176
5203
1147
243
411
3634
5562
1114
4749
5988
3677
2328
2678
3112
1920
2224
5305
908
5698
919
1856
4051
4521
800
3913
4298
936
2065
2261
2606
4686
2437
4312
4746
5155
213
4696
3366
4515
4858
1145
448
2619
4184
5837
788
2143
852
203
4143
2579
3645
3323
1750
3129
3065
1273
5113
1116
5137
1967
1199
3696
4954
389
4611
144
4496
4234
931
787
4601
3987
4596
4059
2131
2631
3412
2934
407
220
5336
5696
3950
2919
4274
2344
4315
3306
3459
5117
4568
1593
5344
2015
4053
5637
658
1652
4579
3294
5147
37
2996
1008
657
545
5259
3197
1486
3755
4147
4252
3923
4289
1650
5648
2094
3202
3243
5896
4294
305
3526
3150
5543
5602
1507
1063
1214
2217
646
5836
2803
844
1425
48
5538
3034
3656
4945
2986
2352
2782
720
2342
1937
4551
1003
3640
4726
3772
966
1584
3523
1935
4285
2386
4934
947
906
4639
1540
5781
3305
3911
5558
466
3239
3220
4780
3895
1784
5059
193
2690
3114
2521
5363
1758
4822
2647
1586
2642
1984
5760
5368
3221
2611
3238
929
1088
4651
5449
2565
1017
2719
1009
2053
5815
4534
696
4118
2895
3264
1121
1678
1304
5932
2148
1386
563
3760
5136
2115
2778
2294
2098
5471
4850
5070
2975
2764
4017
3727
1711
1879
2123
4799
2604
2770
5507
2233
2710
3375
5420
4070
108
1028
430
4828
5721
1004
2369
5534
334
2589
2034
2221
2968
5458
2075
4998
3074
5320
1268
4280
1839
3848
4007
1614
266
4606
4971
4297
3472
5749
4454
1299
3673
5532
2299
3847
5710
312
2350
4031
4319
3249
3720
5421
4203
1957
1455
5635
1479
3482
5468
4970
3926
2657
4242
2167
4807
1999
1769
4381
5673
682
3804
2689
4975
1007
1128
2442
773
4714
1038
1684
5202
1602
4648
4764
3232
163
2701
3497
5759
4000
190
1081
2338
4899
3290
1068
370
5235
543
2194
4673
2957
3460
4404
4229
3451
4033
3217
1970
2788
5065
822
5636
2383
3139
5865
4818
1085
1374
1576
2255
1965
2674
5685
1155
4698
5619
486
4787
2854
2700
5794
5464
3829
553
5037
1457
1800
3433
3561
1619
3241
5047
1993
2359
4071
5370
2850
731
242
1645
1851
360
173
2970
2588
5649
4344
2706
4840
2577
2090
3457
3792
52
2645
795
3199
884
1837
4413
1069
705
3629
4480
930
478
1595
4520
4443
5629
5610
3628
3560
4125
4727
3990
4874
5168
897
3937
2042
1573
1535
678
175
1722
343
4886
5665
2527
3275
4590
3787
60
1223
406
440
1311
40
2152
5244
262
586
4943
3934
3266
5039
1087
3317
3929
4275
868
3006
3916
4670
5658
1165
2318
5888
517
3779
4005
3388
5638
2237
200
2003
3619
2963
1898
3260
2519
2532
92
4897
843
5912
494
4457
2859
3015
1119
555
4929
4435
2874
153
1046
5508
1140
5670
3105
3525
5914
5742
2270
4137
1686
2960
1531
5920
1548
4488
5300
901
4506
831
398
676
2993
4662
3630
35
1139
3827
3095
3983
1725
1946
22
4447
1643
484
1539
688
5789
4382
1111
5278
821
2355
2749
1818
3301
1115
1343
4126
5512
5347
2126
1848
3111
1361
4460
542
258
4296
2084
3508
3988
4843
535
4012
3339
488
4667
5722
4950
2694
3452
3262
5030
5400
2414
4720
2955
870
2389
4444
4388
2348
3749
4671
2022
866
2426
4328
3291
4458
5126
3805
1872
5832
4320
2839
4569
2396
3752
5175
2485
1744
2216
111
179
5612
4654
5476
5793
1222
4802
654
1474
1237
4591
369
2377
5720
2599
634
4995
817
730
949
1509
2470
91
5780
2929
4254
1757
1543
3386
3296
4716
3620
329
2780
3435
1021
1469
4428
3091
2763
2101
1265
1657
2525
86
3918
2275
2903
3342
3825
4572
4607
4253
5976
2147
5166
5854
4527
340
5611
2173
1263
1064
1234
934
4463
342
5267
1353
5598
4658
4839
3750
4473
189
4773
4227
5028
1615
2681
241
1424
4008
2858
1581
3441
4399
1360
3882
5351
5921
177
4776
964
475
3502
3838
1646
1331
1987
4576
4647
3469
1291
4808
1574
859
162
2370
3685
368
539
373
4331
5907
5766
840
1207
5104
1377
2843
5150
2024
3036
616
3416
4649
1733
415
5283
181
2682
1303
704
5035
5628
1330
4461
2901
711
1078
2031
1200
1608
1364
348
3211
4965
3922
4247
4150
5699
905
4043
1934
127
1218
4783
2291
4794
288
1168
1600
3899
4483
4485
1958
3389
293
420
5110
432
5060
3660
1030
3292
5779
3007
2456
4915
2295
5540
1886
2557
2247
5924
3822
2736
1416
2804
2574
4774
1785
1603
2669
5317
2401
1830
3046
692
783
3946
256
924
3227
4049
4284
1721
2177
837
4907
3174
575
5341
5052
4856
5322
4717
5662
5384
2655
4256
2885
4610
5463
2549
4748
959
746
4935
5818
1347
3208
637
1780
3607
1666
3164
1852
4958
2830
2796
5152
3084
118
41
5790
115
4055
3574
142
3513
1976
333
3089
3536
3119
2607
143
5164
4102
3282
4921
4466
4964
5419
5258
5340
483
4095
4922
1461
4755
3668
1952
889
496
492
2473
961
2837
5523
2174
2987
4021
4058
4144
2731
4848
5676
887
2704
5426
5105
2027
3982
4876
1133
1095
4772
2937
3986
2361
5401
5618
3544
1730
642
3846
3947
284
1151
5884
3967
5694
3380
4191
2219
4623
3821
1809
3148
4784
5822
3255
1662
112
1108
743
3632
1611
2964
2751
4930
4923
1606
3902
4175
3100
5736
5294
2639
5387
3284
2316
893
2226
1582
5108
2654
3626
1275
2411
372
3637
2984
315
3413
2478
3602
4867
5349
346
1825
1413
4583
3535
1638
5185
2781
4844
2783
4439
2865
282
1953
211
4392
2886
449
3244
3582
1447
1327
5498
3705
324
5765
5018
1828
3475
4674
5515
5939
3959
903
57
2735
937
5042
104
187
960
1518
5569
5769
5257
2064
4604
507
2060
3744
4291
673
4577
3831
4188
2848
4374
5910
1587
1656
311
5761
3230
5495
713
3076
672
4966
4129
2161
4847
690
3115
42
1832
3944
4914
1339
3552
1225
4236
2942
1775
5477
5306
4622
4020
5271
5145
5269
546
5023
2892
4501
5120
3343
5246
1191
5661
2079
1481
3462
5311
270
5217
2775
667
1122
2991
2273
3058
145
1664
5875
2409
4688
2541
792
4472
5326
2648
3824
292
4992
2001
3697
5855
2187
56
1564
4759
5182
789
5091
2092
4248
1826
2570
5198
3153
1533
607
4988
5812
679
4826
1667
5578
4554
3862
2345
3207
5473
3362
5859
1949
5111
2172
1506
2893
2416
5663
5539
4937
5409
1938
1941
5431
3928
4024
2743
3733
3684
3503
2737
1238
318
5826
4723
5531
2462
991
1490
445
4509
1829
4681
1350
1906
4140
1293
5005
5654
2269
3012
5103
1448
2617
2023
4265
5386
4523
4464
3379
3449
4163
3302
1142
701
4707
4390
2335
4891
3338
2010
5700
3751
1099
1478
2312
4341
4545
2790
3365
5034
3886
1197
511
4467
62
1340
124
3205
3638
3713
4364
5962
620
347
1590
199
186
2915
5224
4519
1546
2431
4449
1101
4450
797
3945
1317
3225
4757
3736
2741
2285
4920
1382
3546
5149
1927
2005
5928
73
3595
5160
3820
4149
4326
1334
4761
5327
2029
2581
3559
5993
978
3810
1929
3718
2127
289
1524
2307
502
4104
301
5521
799
516
1528
5337
3368
3162
378
2711
1907
4733
1609
1352
3906
1356
4094
4960
5094
2353
2083
4738
1673
2707
841
12
3556
5956
5462
2494
5882
273
4602
544
3278
2036
4657
3867
1961
2571
2419
5165
4689
747
443
589
5934
915
3397
570
1661
3392
2061
2250
4123
2965
5077
5265
2724
810
5443
5427
5595
2586
4650
2944
829
2446
2692
5118
109
5310
5116
4478
3509
3794
3652
2289
828
3588
467
1419
1516
740
198
661
1882
1280
194
944
4666
3028
2281
2917
2252
626
5316
1799
4120
1336
113
4474
3554
3369
581
764
2169
2020
3149
4338
558
4499
2476
984
652
46
2966
3930
3964
2208
781
655
24
2264
2457
2012
1322
3396
123
240
2536
2501
4821
2486
158
1385
5502
5630
2989
4556
4365
3137
1860
1577
3992
2013
4760
3851
5490
3090
2066
513
3356
2415
4262
380
3860
3722
4599
5474
2193
5199
3534
2649
2206
3807
4361
683
2812
4737
323
4194
1187
1954
2857
1569
2779
1741
2032
4345
2062
54
384
61
805
1708
3168
2413
3932
5369
1032
3732
5867
3853
3461
3466
2374
727
2739
3941
4882
435
3099
1786
4321
4198
410
2894
5705
5356
3555
2382
3171
5851
3054
5040
2979
2464
4206
5388
3364
5653
752
480
3334
2500
2201
2978
1056
2976
3257
5298
2045
531
5687
3177
1874
4589
5066
1630
1444
3360
5877
50
5870
5841
3175
4048