2747
529
7266
1846
6936
7694
1010
6344
7699
2189
4411
917
1539
3019
4064
3236
7532
277
6130
2050
3454
5790
2676
7559
5508
3362
2753
2580
7832
3093
210
6595
7401
97
3223
6683
5684
306
3131
6928
3566
4872
254
7481
5758
2333
5619
2926
2172
6588
2208
6941
3600
2590
1004
7499
2930
2830
1155
5936
7895
5696
1427
6319
1114
7654
299
3603
1799
6925
338
4947
5847
1544
574
6235
3515
1148
4440
1893
7218
7999
1534
6809
4431
5595
924
2526
7589
2042
2798
7867
4758
3023
3779
3620
1305
6816
4492
1043
4275
6371
5580
3722
3221
1798
7924
5307
260
7236
3363
5461
2195
5308
1230
4549
1694
5300
7037
1811
1806
5426
1135
840
7850
1886
1576
4215
1473
5137
1876
1303
1789
6699
119
6152
7367
5075
7398
958
342
7325
7469
5612
7596
6142
3218
5717
5740
1128
5698
6107
7677
6228
7061
5855
3835
3563
2822
5338
3536
5949
3977
6831
7812
7777
7975
911
4363
4239
2444
273
6496
3520
1344
2170
7956
6723
2143
6850
7870
4694
2242
3657
2206
7144
1061
3859
2841
6119
1637
4027
3629
3413
2943
2451
3228
6827
7687
3376
7604
198
6237
4302
597
7295
396
3800
6083
7520
6786
4865
2878
6302
2608
3632
5690
1894
7170
401
4840
6368
757
5374
2111
4856
159
1711
6468
2596
1261
2006
153
6636
830
765
3448
5297
1649
130
1441
3212
846
4849
7438
4453
4137
1390
6651
1397
6979
6764
3369
6719
4551
3001
1367
4680
5808
2655
7316
6745
69
4007
6056
3842
5098
1497
7082
5860
2891
7574
2441
5378
7834
4643
6762
3473
4824
143
3981
1197
419
6705
3634
413
339
2267
7794
1172
4905
863
7502
2185
1865
2809
1498
7549
5383
4525
5584
1959
3192
6424
3866
2667
4371
2736
2914
3439
7685
7843
1352
4794
6620
2505
7551
7689
662
4591
7286
3318
1234
1482
3081
5939
5245
7622
1851
3196
4916
5125
6494
3070
4315
5081
5130
5166
2028
6256
6155
66
41
5420
3314
1700
5278
4522
2273
3908
4975
5238
3813
5077
4284
7327
384
698
4270
5152
7749
3675
3262
1916
3760
5132
4961
7264
24
2762
489
3333
2280
3331
571
23
2470
3487
3655
4960
1496
215
1064
7177
5
1807
6269
3319
2163
6443
241
2529
4464
6587
1810
946
4801
3343
6738
4967
5796
6523
4619
5838
7977
3713
4050
4230
1927
5809
1553
6631
3795
793
1984
3255
6079
7345
6802
3560
3186
474
4559
4220
1543
1242
654
7010
6348
4595
6422
4136
6698
790
3824
2739
7620
3631
7666
2489
7023
382
4142
5786
5846
3726
5095
3209
5991
5168
672
1192
4965
2165
6892
1164
5864
6214
263
7035
506
4952
6844
6772
5551
3850
4630
458
1882
5962
864
2691
4408
4773
1343
1574
1074
4982
4618
3984
2979
4134
7971
147
5434
2445
4376
3627
1330
1565
3534
5515
1673
3003
1640
5194
5757
7935
6534
6780
3083
187
3213
1613
4958
5704
5102
383
4712
5214
7873
5519
6304
2996
7583
711
4093
409
5600
6504
6516
2744
1141
735
2226
7793
7225
35
7669
6559
2358
2879
7567
5869
5493
2150
1486
3412
4031
2774
154
791
1956
1730
1596
6633
3719
5764
7433
4162
1323
6893
1684
3315
4644
5406
3352
7059
6708
1322
2130
6488
5496
1180
1100
5357
1008
2159
2095
4418
3945
5163
6497
6103
3107
1742
5400
2511
7701
3176
4613
2174
6153
6744
1635
7940
5868
3173
7156
7801
5611
4444
6328
5871
6162
6322
5281
2801
5948
1899
3718
5007
229
4158
728
4421
2297
865
3179
563
1788
5780
6601
3281
7075
3731
2586
7745
6617
3748
2679
3508
2512
942
4695
2692
188
7599
5883
2388
2112
1931
3548
7309
3055
3911
712
467
2329
7585
4698
4133
2516
2247
5144
7276
6243
2366
6365
3434
3881
7030
3758
5686
447
6740
2768
2703
7387
1581
5925
3426
1354
126
6530
5582
1385
3400
7389
3829
4660
4263
7637
7282
4482
437
2826
960
496
2805
1006
3578
6757
7697
6201
7182
6262
7012
551
4516
7140
5783
4542
3954
6875
5701
7904
1110
3010
5910
5353
1188
3129
7356
262
3514
6089
6023
2563
6817
943
6095
4485
62
2215
6638
1610
3753
1977
7164
6859
7406
512
2895
1868
2693
5061
7621
6398
5750
4929
1538
6522
6317
5164
1904
4639
4185
5562
6706
560
7686
375
6212
5071
2856
503
6832
5301
7660
7523
3494
2220
2126
6159
1914
2873
3257
5110
3240
2761
1665
488
1360
605
3226
7008
5573
2820
5414
667
3998
5887
4422
2587
861
315
7916
2166
5227
6044
4175
2122
4770
3837
6112
7491
2326
6532
1847
4264
16
2393
1685
7259
6959
6320
5279
5798
7598
3974
7222
2045
1456
7207
1830
7635
1384
1825
7317
6729
403
4795
877
2113
7702
7284
1272
6524
1249
4944
6389
416
2260
1766
6573
3789
7780
5842
1312
1026
2309
322
2994
3088
7181
7488
819
2871
5057
738
2636
7877
7518
974
5807
5469
6177
1154
5076
3204
134
3917
6822
2345
7341
7776
4708
2962
5321
6544
3317
3444
1954
371
2016
3707
1772
1743
4110
2904
7744
5211
578
3573
60
6096
19
4800
6143
4721
7176
3276
2021
5721
5421
1080
2173
1331
2493
1396
4109
172
4596
6931
4369
521
5161
1377
6376
4461
5333
4808
3095
3517
2665
1829
4087
100
6395
2245
5617
4305
5289
2081
5940
4641
2888
558
690
6043
7796
2819
1740
1278
7155
7233
2047
5952
1423
5008
775
1600
101
5593
1471
3883
5073
6607
1129
5669
3847
2695
7658
2530
658
3054
5547
80
6926
666
1125
7350
4397
5706
3616
1347
7066
5898
1721
6889
5069
7897
5010
1960
5156
3641
593
4294
1603
2450
7193
1932
314
7360
1476
7235
5368
883
7366
1662
266
760
5980
3583
3934
4198
1664
2422
1827
408
6766
3415
7392
1039
344
7875
5056
2357
7582
6653
5394
6386
2666
1782
6665
7265
6949
4575
3802
3386
2980
1999
87
1350
7898
3291
4541
5588
1176
4442
5947
4365
7208
5104
5613
2462
5318
5044
1287
2399
6028
4309
6913
3006
6920
6149
7459
576
6077
6401
1884
5937
1739
434
5451
1755
7623
3662
4130
5363
5396
1075
7384
5208
3384
2892
6175
4267
4914
5172
5602
981
2770
7227
2183
7937
6405
3079
7931
2793
2131
38
2680
2314
4377
5570
7726
857
966
133
4144
1016
6576
5878
2975
6466
2335
1682
5958
4915
746
7106
3780
7249
1444
7775
1271
1113
7113
1537
5263
4332
5365
1801
497
1337
296
956
4467
3545
6321
641
4084
4676
7704
867
249
5244
4480
889
5505
6758
4076
5779
4663
5523
5393
1465
7306
7529
7973
1790
7768
7013
2217
631
6041
7765
6324
4285
4187
6575
5445
6375
6004
787
4608
7680
6703
6542
4705
2216
4911
6879
2823
6734
3162
7031
5312
6283
4743
3682
1702
2656
4310
3818
5097
5635
6659
7906
3793
95
4607
4232
1314
6163
3242
849
562
6746
6632
1077
6974
2854
3120
6184
3495
1339
7248
4745
1943
1105
2078
2687
6594
1614
3919
1718
1950
70
3458
4852
3139
5025
2348
4373
1802
4733
2239
7786
1092
7093
6971
1948
1515
2355
4885
1636
4813
6983
1823
903
5359
4602
3683
3670
2719
4645
2492
5728
4687
3011
4820
5219
2308
3108
868
5590
1060
1445
1417
1099
4886
1091
3446
2614
7901
3784
2932
3339
1111
7748
2285
3943
3628
5651
7581
7844
4582
3407
6756
4320
5273
7713
1031
3694
511
6263
298
7750
2278
6137
7892
1918
5756
5983
5987
5688
170
547
4351
4949
7965
997
7196
5599
2058
6880
492
5872
1887
7542
1519
7942
2647
4761
869
5785
7752
5938
1458
7072
2404
6502
2757
7568
7545
7799
4345
5178
5103
4006
4659
5951
2684
1167
5345
5522
61
1541
6363
1235
6877
5618
6701
2508
6034
3002
3237
6340
6270
7504
7915
1621
1470
6621
4992
6582
7933
6810
1760
4379
5769
2391
4352
5257
1679
2543
3648
6146
1284
682
5224
6833
2880
3334
5032
105
1547
6682
2963
2494
7899
2794
2463
3695
1170
1858
5513
5794
3441
7938
4634
1153
318
6091
1680
1712
1191
4597
7515
3344
3382
402
2304
813
642
2967
231
3922
452
1472
4023
2751
152
701
7579
5063
3736
1430
886
2993
1970
3431
2253
2802
7011
5466
5066
5123
2083
6693
564
6600
4372
968
1506
3637
7678
456
7349
2455
3745
5755
6138
2956
2281
6318
1341
5489
250
4245
7289
1604
3062
3909
1920
5494
65
5965
5231
1794
4151
6863
4825
7767
6824
4157
3949
1634
5260
3762
4140
2453
1042
2202
2464
7033
7280
1526
5070
1464
7615
7338
1002
2098
3642
2709
6240
1597
5093
4996
3712
6469
7881
6946
1069
3733
3312
5205
7886
2320
397
7130
5975
292
5335
1221
2731
7989
4963
2354
6606
6555
2672
4214
2723
370
5543
7486
7571
414
2836
4349
7152
1642
121
5117
1442
127
2049
4627
1151
1136
2517
2104
7917
3757
3989
316
7516
5476
2209
7876
7609
5964
5749
115
4107
5040
6958
4656
2411
1387
7484
2228
4211
4874
4154
4731
2211
1617
5998
3776
1289
6339
5819
4786
2534
1422
1527
4316
6510
1489
2292
2640
1967
1501
3322
3499
5931
2858
4931
1193
4260
4271
6821
5741
676
4000
2501
3539
7972
3640
6829
7497
7230
7425
7025
3769
4429
3036
1688
2347
6268
3920
7268
795
7512
6799
6297
7737
280
4552
4164
1845
4839
4697
5181
7657
5364
2609
406
6803
3978
1366
5062
5221
3571
514
7547
7464
3340
2538
2061
1661
2436
5475
4888
5150
1179
3198
3827
6661
7049
156
386
6900
2241
7691
3502
959
4477
6495
3652
4188
5018
5818
3398
2146
3918
2827
7941
7480
5723
6948
7783
691
770
6610
4414
4870
55
1260
2435
4632
2658
5381
7307
4468
3284
5649
5350
724
2213
3477
7357
4344
5253
888
4804
1849
3394
3472
897
6423
1480
3329
530
7014
4479
6291
4675
4509
5944
3532
661
7376
5823
7558
6869
6193
4314
3666
5814
364
5109
4077
1874
4497
5960
2875
3990
1281
777
363
7795
2438
2592
2510
3730
6930
4688
3305
7720
542
7837
4748
3325
7722
3962
1407
2334
5916
2315
2549
4833
4508
222
7841
5303
2734
1212
7333
5945
4945
4848
3497
836
3056
6490
3781
4512
4105
3187
6995
7575
769
2741
2557
4161
822
1196
6045
7473
5729
1494
559
2259
4674
6608
1616
6518
6660
2790
6773
5609
2106
7124
1206
5262
244
221
6325
3973
3823
555
1178
7869
57
7501
1232
7475
3869
4118
3180
3096
4153
4671
5521
3033
4176
7201
1859
201
2523
6561
1127
7805
3433
5314
7544
3491
5776
5986
5286
3703
847
3277
5920
3009
6792
5362
7385
4846
81
2141
7479
1817
6485
5059
4312
7982
2848
7839
3052
4092
1240
7119
1974
5708
5319
6005
251
5770
5713
998
7817
3046
834
7174
1987
3540
2495
3424
3619
5399
4855
5733
2156
5416
1732
6788
191
3765
6586
718
7179
918
1551
2986
6397
632
3146
4533
5162
3071
2924
5726
5845
4089
7705
6367
6126
1353
5848
5160
271
802
3557
6033
1773
4504
3715
3929
5981
7508
2545
5106
5639
6903
2485
324
4754
3126
1474
5016
3301
268
5702
7840
6726
1304
4543
5550
6811
2160
5666
5655
3886
5802
1324
7194
7364
5919
7580
5424
6128
675
5127
7554
7403
2788
487
2302
2662
2868
7663
7668
2219
2522
4826
2536
3845
40
6637
534
7789
1530
3080
850
4879
3445
6933
5412
1814
2696
6369
4424
2859
3112
1834
7254
82
1055
7422
3857
5083
5405
5207
2638
7195
2976
6111
5354
2782
7028
3385
3241
1065
6030
3150
189
7566
2473
1121
1301
3876
7847
3884
7129
2282
2861
47
1672
5697
3447
1910
6963
1857
771
7040
4361
7894
2964
2011
603
2162
2984
713
3234
6872
927
5084
4159
7828
1593
4635
1895
5024
7056
5439
5344
291
5090
6092
5606
2832
2552
2318
1359
651
7440
7986
2237
1209
2400
7301
4649
2799
4814
4318
1090
6942
1414
5449
851
5810
25
3582
6789
7355
6784
7709
1891
5735
928
1410
7088
4921
1369
6929
7209
2115
5276
2781
7034
5922
5471
30
6622
1328
429
2377
2828
1681
6360
2673
4724
2610
6407
1818
6231
6374
52
4237
6849
4191
6323
226
6444
138
6623
6835
5271
3067
673
1318
309
6470
7471
7984
669
5700
6114
2214
4165
6408
7733
281
1752
957
2031
1748
5853
4115
5577
2323
5038
1850
6642
5892
6781
4576
4090
7932
7751
573
4330
4580
6980
7087
3788
5433
3963
5968
1433
1420
3206
2701
3873
6525
6252
3279
2952
2148
4360
7507
5672
5072
6989
5470
5624
1297
3479
6277
6562
3134
3113
3464
4156
2585
2207
3040
3714
7143
7278
5652
7762
4297
3102
1440
4966
6014
5560
3421
7842
7107
7517
1731
2908
1435
7310
6973
5039
7368
7910
7489
5176
570
5908
5113
2134
3467
4280
3347
2969
5867
4507
4463
1311
2513
2881
7561
7399
6342
7112
722
1988
3996
5105
991
285
536
6068
6615
1601
921
7221
2537
5116
2041
5601
1320
1508
3994
393
1189
7714
4224
5436
4088
7167
1357
3912
5607
1345
2085
4364
104
882
7647
4430
3294
7584
3650
1804
2452
6860
6260
1856
3082
2343
6412
7044
1586
3355
678
6605
451
473
4692
7891
3798
1088
2909
1633
4715
2611
2907
3285
6168
3371
5035
5397
4095
5841
2763
2890
176
4742
3132
3211
7462
6200
39
7804
885
2142
4518
3527
2277
6521
5234
1166
1632
5826
5087
1503
5693
228
1629
2094
3269
688
5897
6174
1220
3947
6596
5269
329
1523
7183
6025
7781
3423
3297
2957
2535
1841
3258
5933
3490
94
5240
2025
4544
2030
6081
91
4067
3029
4283
1048
4661
4566
7756
1728
4600
537
609
6666
6646
1054
1115
1528
3585
910
5195
4066
7220
2496
7706
5896
2139
6886
5282
6351
6199
5912
1106
5228
2898
7111
5742
1144
7564
6249
2066
7820
3991
796
4011
7753
6828
1978
6133
5882
1584
3617
6057
6978
6151
6691
3564
5817
4689
7263
919
5483
4242
1171
1109
158
3474
5792
7092
5408
7612
4844
2842
3898
1310
2433
4301
1283
2254
274
3482
3356
7900
50
3966
703
4278
2187
2071
4037
5774
2574
6825
2133
286
6382
5487
6569
2013
7122
2715
1247
257
3952
5322
692
5784
3709
6273
76
7322
3014
6182
335
3115
4821
5012
7611
6171
235
4102
7067
7673
373
2821
3751
4183
3882
5830
3591
3955
845
7896
6172
2850
6724
7911
4540
4173
601
2359
4359
2894
3272
4654
1071
4858
2595
7251
1964
7297
5171
7224
4995
7979
3442
5745
56
5689
2648
2849
2480
6515
1608
3572
4690
3306
4640
6486
3565
1605
2380
161
3141
4702
3812
3506
5340
2461
1263
1275
3170
5591
247
5431
2685
3399
6885
6366
4338
3311
6981
3832
4391
7091
4465
5437
2387
5943
3286
6406
1047
360
7905
7081
3304
7065
6580
3636
4948
240
4556
6018
411
7153
5538
4238
3647
1150
2414
7302
4235
6428
1490
2988
7960
6189
2991
6009
5906
4049
2752
4586
3701
1227
7321
5852
6563
2966
5718
7197
7161
6589
7335
4946
929
7048
5675
1813
3968
4564
4452
592
5497
5578
426
665
953
2026
4906
2550
801
1034
4356
7945
6527
1942
5419
6084
896
6471
6094
4494
3171
5844
4217
4789
5267
6434
6364
3577
3805
1867
4978
3562
6843
5759
2230
317
6686
1930
7109
6267
4085
1492
333
5443
3598
6002
5668
459
2440
5348
1905
3324
5339
7271
1926
4204
2394
5193
1821
3393
3437
1298
3182
7131
1939
7296
2622
5548
5239
2600
6583
7456
2164
6815
7141
870
4231
1786
3915
1599
253
3127
5918
5146
93
6558
6657
313
5133
674
7139
1181
3874
31
2381
3296
3711
3203
1836
4396
6763
4014
182
312
6357
5767
1079
1831
4420
1286
5148
5430
3638
1780
2977
7283
4146
7483
7980
5074
7361
4447
5295
4650
2767
3302
5753
7245
2671
3274
2460
4729
3669
4206
600
705
3202
1078
3799
7451
969
1723
2488
7132
7260
7640
2339
5722
4075
2791
6104
3123
4763
5754
6865
1559
6953
4514
3470
5175
4106
2446
3166
1216
7591
552
5862
6011
6674
6741
3854
4249
6036
3752
211
7409
2575
7684
4672
2885
7650
4691
6868
7147
4909
7134
5765
881
2955
6421
359
841
6296
1484
1715
3391
2951
3979
128
3440
1363
5019
2755
1258
5902
7405
7731
1517
2565
6362
7135
7625
4529
7393
3485
2153
3336
6042
340
5371
3396
780
5050
975
5402
7857
379
3073
5330
686
7457
4091
2900
4226
838
2571
6145
1778
4248
2713
1745
7764
4500
410
915
823
594
3761
88
1602
8000
4968
1280
2261
3323
7526
4636
4686
3178
5507
3623
446
1623
427
6106
7353
6236
2521
827
6255
6499
4104
2589
6748
2866
4912
3408
3163
7987
7038
2087
4258
5256
1902
252
6098
2682
1703
4718
2244
952
7498
2792
6065
2125
6115
6453
4033
5946
3737
4200
2591
5992
879
4572
4483
906
5376
346
776
5316
3122
2581
4612
6688
1909
4993
4908
2177
6656
1853
6414
1545
2514
4991
6251
4279
5509
5028
805
5192
2643
2646
4778
4569
6715
7948
5545
5403
1871
7439
7084
6285
3287
1558
4339
3017
744
5583
3951
6830
6918
4755
4045
1643
7050
4506
248
5815
2190
3895
3910
5681
6602
1165
2987
2379
2686
2862
1291
7653
6213
800
3665
4769
1795
4269
3259
3268
164
4101
2795
5622
4047
2009
476
548
1190
1934
1996
2697
5603
4205
556
7712
4841
495
1292
5586
860
3151
4355
6198
4378
5861
3041
7114
2306
6343
3685
206
5950
4143
7907
1326
1329
5480
2652
272
4720
442
3797
2080
3673
3551
4834
1929
5464
227
3759
4341
3354
1056
7199
6540
184
5903
6055
1177
6765
3615
7417
357
5621
4476
1573
5003
3034
6218
4416
1968
6982
520
7667
5667
1431
7939
7790
1767
1175
4669
804
6224
4111
615
2806
331
1362
2857
6358
4565
3342
1598
3022
5358
1382
7829
6692
6381
2689
1358
6230
3078
1622
3368
2784
4246
1386
5787
7032
4308
7003
6776
1626
237
2418
5091
4244
5026
3860
6393
1566
2035
269
4074
5249
4015
7846
5927
5824
3417
2995
2476
3135
4517
345
5441
7110
6493
3478
7465
1233
4036
7929
1425
3790
3928
2155
7427
3531
3320
1120
6677
2434
1481
7369
7791
6247
2566
1224
4701
772
157
2490
3725
1361
7607
3983
3581
374
7608
1625
7015
2855
1729
6238
332
4700
2813
7592
2036
7970
2577
1392
3432
1244
6349
1365
1076
2846
6292
6066
1223
6552
681
7594
1201
6225
2420
3068
3816
2088
5719
3264
5298
5537
2346
4098
7027
3475
6311
798
891
6700
4385
4051
5644
1499
3720
6838
7069
7351
5203
4534
6732
7125
645
462
4819
7755
3688
5592
6967
7562
3766
4404
4186
6873
1762
5055
3891
6020
6598
1437
3181
1504
1438
685
5149
6553
532
7536
6266
1654
6934
1529
2396
7535
4866
5850
1941
6952
3942
7415
6907
1068
6962
303
6584
295
4216
7354
1463
3428
246
1013
824
5682
6169
6354
7810
2423
5623
4735
5632
3744
7262
5720
2920
5230
6221
4079
5346
6129
7105
1493
7586
7721
234
1364
899
4348
5380
3825
7303
6160
2223
2483
2982
1783
6853
5569
2491
483
2324
5336
3772
4928
950
2055
6080
5738
7370
1751
493
5482
505
7347
4896
6439
5048
3870
6747
3436
3700
7445
2123
7629
5145
5189
6008
7728
7379
5115
944
3231
2760
3251
2232
905
4097
7108
3488
7556
3121
3645
2344
1704
907
6148
372
3754
7118
4062
1542
831
2317
3390
378
2884
742
5561
6248
1257
334
5544
7080
7063
875
7359
3249
2816
6808
5302
1568
6404
1147
6377
6922
2114
3592
2255
839
1434
599
5995
5085
2499
4068
6074
3406
7831
90
2408
4394
6419
5641
4537
2231
3596
6279
623
385
2151
326
1126
7787
1670
1015
3378
1073
6915
5265
4706
4446
461
5366
3609
7290
5410
6689
6639
5795
1371
4456
6940
288
6286
2978
1906
2970
6676
4918
1870
4951
7703
7893
6854
568
4877
4223
5474
3089
4578
3820
4227
2602
7204
3644
5703
7925
7472
1511
988
3807
7645
59
6462
1594
4222
852
214
1631
5285
3971
6154
6768
3330
6882
4980
3048
7304
6975
7880
1183
353
6999
3653
6720
5648
5389
5111
4616
4713
140
498
6022
4842
302
3618
6181
5789
7444
2137
6053
6413
828
4539
6337
5226
3283
4519
826
987
581
4796
6643
3856
7453
7267
6396
5894
5417
328
6956
6274
405
6919
510
6253
6577
4207
4236
351
6140
7570
2678
2468
4163
58
6710
4287
2121
6614
6415
3486
1784
2276
2556
2949
5645
5640
591
6173
967
7734
3708
5294
588
3654
2722
2503
5643
6272
77
2103
4368
2928
3243
6645
4213
6778
1875
6800
2913
3885
7136
6144
2733
700
1112
4530
5147
5404
2940
5455
7569
4040
5966
1025
3987
5243
5884
6150
4664
2711
4822
3290
4425
4061
6782
4561
1098
1140
3924
5460
3930
7241
4192
64
7098
6438
418
5923
5022
6501
4780
3144
4435
6013
6507
7991
671
6916
6167
2708
1668
1615
2322
4010
2299
4177
2777
3492
261
3227
1168
1237
7329
5997
5990
7742
7819
6964
4554
6479
7029
2786
965
4752
922
7163
4251
894
4807
4390
6477
4293
6012
471
614
7375
1036
2286
5694
203
4131
6373
7683
5042
4923
5423
6161
1005
4398
6100
890
6355
2459
6506
6191
6015
4631
2303
7503
2831
5835
6707
112
3136
2200
141
1699
4925
4515
1157
4409
4228
567
84
5954
816
7659
7004
6383
3801
1962
4784
2745
516
2222
4065
7337
7538
3749
4828
2039
7966
4746
6870
2040
3887
2824
6147
4628
3195
7482
6581
4150
1719
1861
904
6459
6222
6113
986
6736
6579
4775
6390
5859
4590
1564
3388
2251
4913
5633
4321
6353
2889
4964
6208
5326
460
6675
3418
2054
5541
4829
4034
7827
1072
4741
3904
2068
2923
680
2311
1764
913
1820
5275
3877
7336
6131
7343
2361
3057
51
2598
5709
3335
7242
1607
5533
5167
971
1436
34
6105
1408
1432
2351
464
7442
7707
7095
3852
2427
977
308
1483
1828
4243
99
5604
3986
2449
7821
6429
2140
5320
1321
6613
6046
6293
7071
3468
4441
3484
1611
4532
4080
7395
7735
5184
2298
20
3846
5259
6197
3880
6310
7572
7431
635
486
4072
6990
7213
4126
1248
7692
7963
5895
3275
3879
468
7928
1293
4932
6533
1716
3696
6120
4990
5988
2197
1913
5763
7823
6156
3935
1132
63
1443
3059
1676
812
1302
797
7104
6526
2205
7418
7539
4983
2340
4060
3024
7757
6491
258
2905
5386
7468
3905
1009
1123
102
5080
3524
3137
7229
239
2954
2034
3771
463
617
3042
343
4386
4637
7006
6288
1041
6819
6058
1966
7597
5337
7178
923
6178
912
4970
612
6257
5800
7173
6543
5683
4221
5888
5159
279
4753
5209
6697
2477
6038
7148
6411
139
1412
2776
1737
6512
7719
1509
6331
6997
2533
740
3405
5142
3867
1957
1406
3117
1993
6806
1525
1340
3872
5909
1428
7573
898
6359
2663
7054
4070
1921
3724
5173
2981
884
1976
3313
4764
5849
4871
1686
2
2204
207
5970
3861
2076
5820
2628
3988
85
6625
5976
1051
1591
7825
6087
4973
6550
6040
1510
964
914
1394
5078
4138
1119
1315
572
243
2256
6076
5013
4124
4984
4439
3105
5413
579
844
1338
679
7024
6616
5571
3044
7078
2621
5630
7496
5661
6751
5000
5971
6278
7994
758
2426
5834
5180
1724
5840
2415
3309
2853
4013
5714
4044
7593
4557
4762
6996
3906
202
7641
5653
1370
6241
5139
2742
7770
7696
4454
7563
177
4719
2546
6097
6069
7426
792
6794
1282
933
4274
5092
6924
4584
1044
3605
7758
2089
3993
6451
2916
2867
457
4979
6001
622
6170
4657
2555
2825
433
6391
4167
5876
1554
668
5928
7665
2474
3535
7618
2704
524
1457
6123
3843
1198
4311
627
1419
4052
125
150
5576
6141
2198
4767
5734
2019
7244
3411
1405
2998
6568
5134
2950
6571
3425
5108
7416
5932
788
7852
4548
5390
3338
4593
3894
7800
6179
6242
1651
2413
2458
5707
5293
2448
5248
4790
7605
6855
4998
5343
604
1606
1049
5491
2772
5375
1885
6866
853
1012
7334
2649
7739
3689
4123
4957
5870
3321
4802
829
856
2938
1710
190
6867
2279
566
638
5004
4401
781
5514
6547
5503
3381
116
4328
5556
7142
774
1975
4827
3373
3341
2186
2844
4934
892
4443
2863
2059
7446
2661
4432
5196
2238
2135
4836
7378
696
3890
6972
1316
7328
6433
1898
3608
6774
5989
6754
1146
6739
4756
4891
5138
267
2270
469
1648
6727
1965
2901
656
6945
2843
7452
6035
4835
337
5517
6446
999
2632
982
5170
4202
6440
2390
6626
5585
6535
5225
3032
4845
6644
7021
6475
5660
3051
7711
3819
3031
183
955
2161
4474
4493
7047
4059
1797
2811
610
6702
2729
6684
750
3505
2527
3507
1550
2176
6658
3828
1888
1944
782
4677
6937
7981
6000
5468
1949
6548
5094
6947
6039
2109
3699
2401
1809
3561
4470
4798
4606
2210
1194
1666
4950
2129
5379
4046
2710
7934
3553
368
1791
3366
5158
5866
6864
5422
3307
5771
3672
3374
83
5775
3027
2698
1411
4024
2067
5558
3889
3177
6681
5801
7610
6330
6722
2815
6779
4924
5385
123
4193
3077
5724
6073
6592
7670
2644
5615
216
6295
2539
3295
639
814
5165
1928
3770
5542
3610
1620
5391
7090
6275
4313
4382
4714
1372
799
7950
1808
5186
3250
5760
2486
2108
2992
756
1735
6037
453
1785
2899
2750
2625
541
5567
4030
825
1014
7313
4291
3667
4491
6536
7815
1446
1266
2023
7747
4880
6541
2327
1708
6714
3755
3980
2582
596
7838
6718
2681
3337
5637
3944
7995
5058
737
4972
2506
5967
1404
4286
2573
4850
1300
4362
2852
2352
1892
7923
4901
1104
4523
6117
763
6836
2641
683
4174
7371
4273
7160
2935
1863
4831
5086
6329
1774
5564
2630
4374
4555
4256
786
13
7285
2291
7362
2182
5803
5498
3791
6871
4471
7342
3863
3222
71
3075
4319
2383
2364
3710
1572
2056
7099
4799
7200
5664
2929
1421
5628
4943
4737
7816
5119
2090
3503
4209
7638
6124
7884
7826
1973
7420
4346
2402
6435
7546
7912
1585
941
4078
4658
2336
4887
6085
4704
7954
4986
6127
6449
6480
48
470
620
6852
862
1747
6487
6195
2934
2360
225
4725
7766
6742
5663
3900
4757
3157
3546
5673
2674
7348
3169
3190
7918
4716
98
1306
2829
3266
4771
6121
4389
7413
7646
3459
6482
5736
5678
7729
4882
5373
89
2046
3926
873
7506
7019
7514
2175
2544
3913
2702
7117
1839
2910
3747
7374
3156
7234
7055
5654
4323
4513
5306
3270
2922
1
1021
2258
7026
4168
951
3460
4473
5914
4940
657
2620
3717
6737
6290
7949
995
4667
7261
4679
4818
5904
5546
5559
436
2507
3252
949
3576
4788
1734
7168
5891
4625
3706
4009
2403
694
4621
4455
1395
2015
5229
7408
4598
6609
6887
7521
7352
3783
4615
1961
7648
6514
1736
3100
2447
6032
6894
5886
1137
1251
4125
6264
1335
1638
6914
1108
4484
3037
1793
809
2233
5292
1018
7743
3646
7478
7830
6220
518
4642
6165
3975
3026
3626
754
4646
1713
3353
7644
2124
2337
648
3936
44
4668
7238
1546
3149
4599
2780
136
5746
1450
7962
3199
6385
4099
3521
6139
589
2939
4160
1982
4890
7166
2456
7760
7128
7175
181
4218
7057
5324
7519
6728
2561
979
743
2158
2606
3931
1522
6350
7041
481
1725
7643
2876
6399
7312
352
6761
6307
2834
5179
637
517
4234
2670
4393
4219
4783
2705
7293
5893
7992
7103
2184
5356
2203
4681
3370
2386
7631
3671
398
5446
5982
4838
7626
872
362
129
4935
2240
5407
7761
1307
7089
4381
5743
4048
2588
5429
6649
708
3680
1210
1211
1374
608
7543
6380
1252
7455
2227
7365
1389
5822
1771
3932
4462
7073
137
5101
6627
7613
491
1667
4195
7784
2070
5825
7565
5351
2014
4240
818
7239
3735
109
729
3183
4406
5384
255
2800
2293
162
2225
6845
7797
186
484
2032
3480
5963
5011
2808
3969
7853
1989
7258
7537
1011
6826
1058
7996
1067
1900
5088
5031
5985
842
1911
1103
5188
7603
15
2268
7919
5856
1879
2650
4317
4922
4120
5597
7292
4611
7454
7
1555
3544
2754
2484
3360
376
2971
2541
381
650
6287
6394
785
42
4403
2593
1848
5427
3015
1935
3785
6812
6437
6537
3184
2429
2677
908
1468
7531
4457
4043
4402
1403
6110
3043
4201
5014
3
4029
4678
1722
5153
876
5712
1578
4436
4683
6226
4907
4458
4169
5797
7240
6976
1800
993
1980
1453
1273
294
1917
5530
7908
6771
1231
1401
2262
4197
7927
5926
3777
92
3684
7675
146
916
6618
4685
4445
7882
2664
6284
1514
2947
3265
3593
5428
4810
1922
3119
1883
4254
2431
843
7007
6597
4792
4434
4145
2814
1769
6777
4803
706
6029
1294
4787
4956
5831
438
2906
6158
5631
2117
3133
7681
21
5463
2989
6054
3375
2063
4058
624
6031
2999
218
4875
3587
6452
86
747
6024
6851
7419
3358
4100
1063
6402
5232
4086
3768
2097
970
4326
1548
1832
3235
664
4460
7000
2712
7814
1612
1937
7808
2043
4054
6650
4594
5636
2138
2044
6539
7429
6194
4524
2740
1717
697
4563
1052
7180
5309
6333
6503
5361
1332
5605
425
7788
7159
7308
1309
1727
6857
1402
466
4538
6790
2410
175
7624
2389
6603
5935
7116
4028
5744
7862
7324
2017
5107
5135
7231
3939
4558
7382
4623
6067
1156
3542
4899
4449
120
4873
7145
6712
909
1618
5215
4019
2439
807
7017
3039
6611
1792
6557
1707
4307
3205
644
5504
577
1678
636
4917
7664
4021
5220
6612
5096
7391
6678
6125
178
4579
2266
6759
5921
4843
6943
1003
3937
1577
931
6735
2616
2443
7688
5304
4122
6116
7470
1087
2653
2886
3687
768
5627
5136
6960
5747
1346
6891
5865
6904
5331
4437
2218
6545
2416
1001
3659
5241
5614
1915
1951
3740
2362
2893
4241
5435
3972
5781
2406
3159
6654
7074
990
4937
4026
7741
6685
7633
7247
5874
5727
920
400
4816
311
6299
5581
2171
6017
522
2356
3950
543
3878
7639
2248
3625
5996
7279
347
7578
7922
5650
7210
1579
6998
7513
6313
1896
282
1149
2724
1070
6464
3555
4974
5625
6441
5510
6662
6752
3698
6341
2562
3310
947
5832
2945
3513
4250
6207
3161
6910
1854
7269
2694
490
4148
1518
5816
3839
2020
6345
3624
6713
745
6118
1645
5409
5486
7487
392
4774
6205
5002
515
3976
1138
110
3147
3489
5128
4588
2835
1936
6347
1478
17
6743
7205
4276
6837
2062
3853
5100
6254
7983
6696
6935
6361
1199
4358
6528
1912
994
3229
7410
6902
1869
6176
7998
5731
4502
2188
179
1663
4526
2732
2132
5492
4262
2027
1102
1038
3130
6007
6840
4722
180
3293
2002
4603
1641
4410
779
7967
2275
4300
6695
4501
18
7001
2807
2425
4815
6848
212
4999
3633
1187
32
4864
1995
6509
508
2542
5043
4472
1185
1455
4895
6884
721
5216
1998
6498
6704
5332
1117
1207
3379
5732
1955
4902
3549
4854
336
2287
1296
7407
7256
6454
1826
5174
643
961
1116
3999
1097
7969
945
4962
1349
4652
2192
1757
3567
1255
5140
5251
1714
6450
6690
2839
4178
2481
500
7430
6572
7974
1096
5254
7154
6132
195
3639
208
33
1393
4334
412
2079
7913
3200
2833
2730
3125
3254
5034
3332
5440
3422
2796
2804
7315
761
7402
2737
7754
5969
6136
2634
5432
6312
5218
7380
6432
7627
4129
4427
4018
232
5565
7186
817
432
5450
1134
5459
4740
533
6209
7062
3099
1243
3451
2721
565
835
3021
3601
4749
6944
5568
4438
4114
3568
6425
7671
2376
1749
5889
3069
2615
5534
6090
549
3927
6418
6461
7773
1524
307
3933
1919
5616
7887
513
3995
7064
3063
74
2897
1693
5131
6640
926
3094
3045
1992
4981
663
1160
6730
4985
5676
1290
5223
6970
5957
6670
7217
1139
1200
2960
6874
1085
5252
4247
7051
6505
539
3732
1334
3559
3961
3612
3038
4867
1575
2412
1570
3811
7818
2635
5444
7730
3091
193
5484
3387
4939
1264
7467
5290
7358
5315
6403
1317
5237
806
1938
7461
553
4728
407
5198
6276
5518
1426
4989
358
3273
699
4766
2290
1889
4863
2554
4412
2022
6578
3493
5311
4253
3167
5206
5250
3233
5956
2601
5212
715
2717
535
3049
3558
702
2157
1873
6721
5716
4003
3938
6566
4324
4417
1908
1556
2968
6420
6
305
4486
167
2149
4277
5646
4727
6951
7528
2181
4805
3004
341
739
5506
7700
3116
2246
4898
7889
124
6554
4121
6807
6387
3691
4567
2706
6109
3907
3614
3690
4208
1691
5974
3111
7311
7864
4684
3383
607
5941
626
5629
3104
6663
2152
6215
7274
2594
7527
6289
4489
6259
5924
2524
7651
7466
2437
3607
5647
1241
1033
4823
6648
1169
7872
5341
3007
2127
422
962
430
6280
2735
1057
3453
584
5129
7727
2328
1027
1963
7736
7955
5033
4112
4614
4791
7883
3903
7138
3084
1380
6624
4604
4199
2283
878
3110
3767
2882
1805
5691
4108
4851
4655
428
5235
7774
3750
7070
5905
583
5993
4927
3000
2865
3106
2548
4531
7079
580
996
720
1838
4626
6306
4547
4055
734
2941
6733
46
3030
6216
7127
7086
1923
7171
5915
6992
1143
6049
1822
4292
1268
630
992
7655
7855
7628
3193
6232
6265
4703
4878
3916
72
1924
2479
3476
2707
2398
1658
874
3345
5535
1947
7046
5761
1029
2668
1756
4451
6881
2576
3692
2769
7833
3401
1660
3967
6896
2973
7505
8
5777
7964
7101
7988
2919
3348
501
932
2385
7616
6059
6965
7077
7511
6805
174
6300
3569
6652
6531
3778
2559
6303
4331
7060
4325
7339
7414
2765
2375
75
2300
1907
587
3230
954
5021
7590
3529
4383
7068
6968
3552
1855
1245
5270
7772
5277
6717
6876
3197
4505
6591
4413
2840
4941
7716
1439
731
6791
1589
7540
3530
7879
377
5015
2100
1449
1567
424
3721
3357
2264
3074
7636
5266
6051
54
6372
1759
2738
6641
68
2578
4926
7319
2785
355
4423
5977
7676
7396
1491
753
2497
6455
5806
4353
6489
6513
5739
2199
1145
4560
4806
855
7849
5367
301
4536
4304
3153
1840
3452
6551
455
1418
989
4897
4617
6861
4073
6890
3028
762
3705
5296
2944
2937
3888
4759
4942
6460
5656
6070
1535
5001
7435
304
1819
3815
6305
652
4553
1595
1122
2432
3728
1429
6500
3803
7495
1971
3359
2500
1413
7300
6565
4194
6099
7202
5804
2472
1383
2915
151
4571
3746
6472
5020
7500
1881
3840
2918
2783
5828
7121
3462
6519
7386
3172
4469
4781
939
5748
3188
3830
7856
7606
3511
4289
3298
365
1285
6233
1279
4673
2224
677
6301
634
3260
2810
3008
6108
4832
1040
4734
2018
4261
4610
4128
3958
6899
7759
1239
3796
5881
741
5529
264
4082
4399
3528
6219
2645
1007
613
1958
1000
7083
4299
4620
2313
5395
1655
6841
5124
5036
611
7792
7185
3403
3025
6327
6787
2119
5671
7490
4881
2350
7137
1089
2330
3606
5589
854
7165
7449
3175
4347
1844
1571
4670
4521
528
4868
6680
1270
554
3621
1746
3397
2845
7740
2371
117
4682
1082
3409
356
2787
7314
2872
2789
3848
4747
7859
3299
7042
808
3128
6664
185
3349
6427
297
7273
2997
5495
2604
4233
963
6932
4609
7534
1520
1020
6016
7990
2570
1186
1454
5456
3704
4303
5261
1398
4847
6060
1864
7120
1081
200
1754
36
3727
2870
7652
6356
7228
6574
1561
5448
2274
6448
837
1460
7723
3168
930
984
2518
7957
5169
531
3351
3267
3219
1299
4527
5157
3392
3871
6862
2659
1880
1842
5955
1843
3586
5877
7344
2613
2409
6906
2316
2395
5773
2342
3914
2301
6072
2756
3208
767
794
5692
4710
2167
2372
3804
2619
2688
4257
5782
4252
7732
330
2271
265
4647
2269
5657
3661
4266
4268
7902
1675
2072
7270
6969
1050
1228
2368
2974
1336
2605
2965
725
10
5829
940
1990
5890
7708
2378
6336
6445
4272
6986
404
4357
3224
4384
2651
1462
319
4717
7085
2467
6797
640
3786
3207
4797
3404
3899
764
6309
2700
4869
11
6192
3064
751
7690
719
6546
2869
7771
7097
2118
2180
7447
3775
4370
2136
7985
6888
3278
4466
1204
5863
7246
2196
390
2797
5811
443
3509
4415
2690
710
6966
7474
2936
1391
695
1053
7693
3743
7275
4510
1037
7858
1763
3466
7299
3875
5730
6426
6250
6679
5051
5377
730
5973
3868
223
2086
4920
7552
858
2421
4638
3702
3201
5052
5154
3256
5118
7216
4546
2221
3061
5961
5685
3522
7557
3020
4265
6630
859
1824
5112
5283
4696
7782
4648
6669
1222
5772
1400
2093
3097
4581
980
3308
4017
6164
6436
978
569
6991
4481
7725
7769
3087
2382
5472
204
4732
5201
448
7865
6346
7288
1195
3925
1549
1563
3239
4005
3599
7822
7587
1835
7428
3844
2812
5199
3697
2310
2478
6961
2847
4071
1152
6338
616
2584
647
1952
4367
1262
6335
79
4281
5177
1787
1093
1701
3651
5516
1705
900
1254
29
4987
245
6767
3550
5006
2864
732
2457
7346
6088
3109
5291
350
7510
1487
6026
6334
6101
5183
4342
5280
6635
2540
3851
113
4589
6474
5680
5854
5481
2551
3246
2120
1695
1032
6856
1477
1066
523
6481
169
3579
5401
821
5710
6315
3463
6529
199
5972
78
3809
973
2053
3575
4012
3086
3414
6458
220
6210
7494
3953
2660
5233
3050
6711
6709
2567
7151
6912
3774
2748
4333
972
3630
284
7460
5705
7388
2065
321
3090
7951
1590
2092
2860
1779
4069
2874
155
6814
5778
3792
1985
6798
106
3729
7807
43
454
2519
4388
7577
4930
4306
2564
5752
4025
2099
4141
6987
2235
1706
6520
2252
5917
1288
5049
3416
7946
2758
6783
6261
5677
5839
2958
2201
5054
4042
7553
5369
3543
2116
4039
5929
2766
3263
5360
880
2959
526
4577
7036
5121
3253
2471
2008
6694
4053
6895
3590
2029
3328
6923
6211
7373
1744
4777
3248
3395
2569
1246
7223
2624
4793
4094
26
7672
598
820
9
3326
114
2341
6590
4336
27
107
5328
7588
6671
5610
3065
5045
2312
7383
1986
693
3361
2384
2370
1459
6463
165
142
1475
6804
5325
7043
3834
6410
2746
7212
3271
6760
3810
7993
3597
3594
5477
7320
4938
3012
4196
595
4035
1348
1689
5462
6820
310
1355
6655
2331
4976
1796
1657
2024
4096
7022
544
1733
1569
5182
6308
704
755
5415
5099
7206
618
3327
1142
4765
3247
6135
1205
2838
3663
4776
6430
5023
4889
3155
1250
2487
575
4624
7432
5274
653
983
4969
1217
1095
3138
1516
7237
1375
5288
5017
270
6629
7961
6628
3389
6898
7632
7243
3232
4008
7272
2817
7477
7485
3537
3858
1267
4495
7188
2144
1225
6599
3154
6457
7318
1726
7509
7412
236
1479
6785
1213
122
3838
6298
3574
1376
2091
3498
5751
4181
6326
733
168
445
3580
2498
4751
811
2525
2234
7463
3420
1852
5411
4478
7476
2249
67
3814
395
7172
387
4861
6456
7436
3965
5200
6508
1878
1368
1994
7340
3960
7291
5313
6939
1202
1466
2212
7679
7226
1697
1182
1592
6190
6217
649
6668
2896
6984
1448
1399
3114
5526
7868
2392
3957
689
7661
4587
3602
4785
6417
2778
7323
3303
2927
5527
485
5027
6467
1253
4180
1035
3817
2075
4699
7746
3076
7443
2509
2191
6725
6549
1356
3806
936
2699
7002
5284
1776
4354
6064
625
149
4662
1276
2012
5323
7614
7533
3997
7809
3643
7811
6672
4768
1953
1609
2405
6847
4653
1532
6901
1238
4592
423
6801
1379
1451
3280
4063
6770
7404
166
3723
4853
6473
3292
7630
2004
925
2454
1777
7634
5608
525
3902
7958
7045
45
3941
1409
3455
380
4736
5899
5793
3541
6442
5851
4744
6775
5299
5447
810
449
2033
752
2074
6673
1647
3047
7806
2179
1624
482
7184
783
5490
5554
7921
550
3742
7976
602
3519
6478
388
6492
3289
3676
2428
5479
96
4809
4127
5873
7493
5942
2779
5502
5349
2528
7005
103
7149
833
4366
2716
687
4862
5858
5520
2332
5552
5901
2903
2773
4782
3148
2775
1803
2442
4994
4380
1583
3678
1062
6567
7203
1872
2321
6314
3584
361
3191
2294
4779
784
1765
1373
111
2531
4335
6842
6122
4693
6188
3364
4633
7326
3429
5488
6905
6400
6839
619
5222
3194
527
1812
2194
1131
3611
5187
2912
7020
4255
7039
5598
6187
7682
5041
4171
1265
7169
7595
5532
1901
148
684
509
1650
2972
7798
2250
7094
2110
726
2764
3604
6957
4629
349
1588
5711
6244
3588
7698
6604
5572
1162
6050
606
6186
5836
2931
5994
1325
3892
2642
5388
1753
5454
707
5465
5596
3896
6447
2983
6585
4152
2771
256
3092
727
5347
7492
6245
5005
2627
4203
6196
4904
4651
3538
499
1587
1750
1972
3512
5665
2417
3674
7133
238
6379
1692
5725
7016
494
2349
6027
6075
7018
7189
3959
3516
5511
276
4340
3822
2178
7947
7888
2946
3656
5885
5310
6753
450
2942
2720
1327
3739
3430
2000
3350
325
2289
5151
590
6619
4892
6716
585
7530
6921
2101
3948
2003
5452
6769
1761
1687
391
1461
4083
3377
4229
507
5372
6134
7576
948
4903
5766
4182
778
3849
3677
2325
4953
4550
3547
145
1313
2082
6202
4739
5268
7863
7076
1507
6950
1768
4573
2295
3443
7619
502
2759
1981
4149
6954
7601
4959
2803
3500
4535
893
4528
4900
7656
4426
660
1133
7215
3668
2921
5555
4392
4726
3380
2419
1485
465
7372
6086
7187
1469
4132
3510
5907
4057
4977
2637
5418
3210
6564
2229
3855
5634
7298
3158
163
5531
2502
2933
2407
6316
2917
3103
6538
7252
1488
504
5264
6185
5037
4038
1979
3518
2060
399
7294
1639
2553
1214
5305
5120
5575
7525
3481
2353
7421
5959
1163
1741
4
3016
6093
6392
2726
480
5557
4103
3457
1308
6484
5370
6010
242
3245
4459
472
7191
1690
5566
394
4490
1630
5202
5768
748
6917
2925
2243
7332
621
2466
4016
7802
5473
2520
7257
3526
3734
546
2532
7198
6955
7717
3174
6047
435
5687
6071
7100
935
5880
766
1333
417
561
976
629
2482
5539
2727
1582
4395
7524
7959
3554
4001
2572
4343
4296
4329
6052
441
5485
2007
7674
4259
7785
2837
5046
6223
7936
3225
4337
4004
5185
3693
4022
4147
5799
5699
1351
3504
1342
7157
5674
1256
659
5978
1094
4190
5126
1925
2617
3346
7926
5594
6370
7437
194
7330
3686
1815
3808
7158
6409
1512
815
2877
1531
1552
7550
3833
3956
2633
5114
6229
7724
6352
4830
5827
477
4020
5060
4545
3525
5089
2639
2102
3142
5217
2077
1130
6062
4583
1860
3595
1124
4884
2338
2607
3013
7803
4288
290
5788
4041
1560
6749
4119
4511
4730
3288
2618
1983
5213
1381
2319
789
354
5053
6180
5579
2547
670
1816
7649
5737
2265
3964
3217
5930
1500
7903
3140
7836
5329
7146
4322
5255
3970
4910
4936
3018
1646
132
3189
4113
323
985
6883
7458
5658
5659
4419
5563
1274
7331
6157
4225
6388
5387
4405
7715
2430
1159
538
6755
5549
3365
1677
723
646
4893
6927
5438
2597
22
4894
4210
4772
5067
5953
6823
2728
2096
1969
1562
293
1669
2654
5190
3124
1890
5382
3471
3461
1502
4520
3523
415
3185
3787
2128
5879
5079
7255
2669
1781
6977
540
5143
4498
6731
2296
2168
934
832
5626
4116
4433
3658
871
7718
6834
2953
1028
6846
4135
1903
3367
5837
3831
1652
1557
3664
4666
4327
1862
7851
1158
1683
6483
6282
7190
5913
7390
6796
6204
7434
4155
2675
3165
1540
3622
5524
803
287
6063
327
4933
5499
6271
5327
1388
259
173
5029
1495
2001
7662
5236
6384
4400
5457
421
7232
7192
1203
2599
2560
5210
7763
1269
4812
7944
320
2147
4428
7441
709
2948
5009
7710
2069
1709
283
6239
6878
7363
389
1208
3164
1997
3058
108
586
7052
3716
1940
7854
4837
3741
1084
6667
7219
5317
2073
4056
217
6560
144
4568
5875
3589
1536
2629
3060
5141
3756
6813
3821
4738
4760
4570
1415
3402
3763
1107
2105
5247
2048
7642
1946
275
5791
4585
2154
6993
6687
2851
5272
2373
628
3238
5512
1674
7394
3940
3483
2902
6511
895
6416
2504
4387
7860
7909
3035
367
7400
3427
6021
2369
7871
289
5857
131
4750
1447
7953
7866
1295
557
2005
7997
3316
5536
1628
3085
3469
3794
7779
7281
5355
2052
6102
3419
2718
4503
7009
3570
135
3214
5352
3410
4971
7600
1019
14
2818
1533
1229
1933
5821
7411
3215
6897
2051
1775
5458
3738
2064
1833
4919
4860
3556
7096
7555
4081
7978
4450
3244
7930
7053
7861
4375
6258
4723
2961
7126
3143
2307
3836
2374
1184
475
1671
3764
5392
3118
2990
7890
1174
1991
2657
6634
5398
3923
4189
4117
213
348
5812
6911
3501
3901
1059
366
7277
3992
118
6183
2272
5334
7377
3921
2145
5574
2263
7845
902
2465
2037
196
3613
479
2626
2305
4574
6294
4876
3449
759
1837
2424
3005
5813
6281
5934
6908
4859
3496
3220
6166
7058
4282
209
7541
7813
4601
3101
1521
1017
1656
4179
7920
4605
6647
2236
1513
1319
2169
5833
887
369
1467
6517
1378
7123
1259
749
3152
2010
5453
1416
5805
2985
2583
7397
2911
7952
37
478
1696
1173
6246
4496
2107
3145
6994
1866
3841
2725
444
717
6750
5204
4002
5642
4139
5984
5843
3862
1897
3982
2367
5068
6332
1580
2631
3946
3773
6476
6465
1046
6431
6909
205
6048
6938
4622
4475
7450
7150
7424
2623
5587
3649
4212
7560
7835
6795
4448
5979
2288
5670
938
4488
2284
5342
5246
4711
7943
6556
716
5287
6003
5620
6858
7602
3066
773
4184
4709
5030
3864
4172
3216
2714
2558
420
7878
6570
1215
4298
582
230
2084
4857
3450
1720
5197
4811
439
3660
7423
7214
3635
5679
7102
4707
1277
1045
3261
2257
3533
4665
2475
5065
937
7738
4407
4954
6206
2038
6227
6378
73
4955
7824
2515
7287
3893
6818
7115
2363
53
6078
3372
5911
1218
192
1161
2887
440
3456
3985
5478
1653
5082
6019
2469
6082
7522
5122
5715
4350
3053
5047
1698
866
49
4032
1236
5191
4562
545
1101
736
2365
3438
2612
1086
3681
219
5900
4295
224
714
6988
5528
6061
7211
1505
901
2397
1945
3897
197
5638
4997
5553
7548
2193
4487
160
1022
7162
3865
7253
1877
3282
3826
655
3435
6203
7617
1024
7448
1030
519
1226
3679
4883
431
5242
4988
7695
5425
7914
5662
1083
6006
7250
3782
1219
233
5500
1452
3072
7885
1627
3098
5525
6793
4290
848
7778
2743
7381
5762
2057
28
5258
3160
5442
171
5064
2749
2568
2883
633
300
5999
6234
7874
4499
5695
7968
4166
3465
1758
1659
5501
278
1738
1619
6985
2579
7848
6593
2683
2603
4170
1118
1770
1424
5540
4817
1644
7305
12
5467
5155
1023
3300