7933
1273
1562
2065
6013
9711
7654
4460
1135
6482
7455
1863
2742
5696
7961
9671
4117
5100
7236
3205
5084
5132
383
8409
3622
7032
637
3935
3697
916
1829
3147
7979
9380
2293
6058
336
5535
7284
6131
974
3527
3924
4697
5449
939
3752
394
3968
2458
1878
4909
7061
7209
6010
7370
225
5142
5943
5368
1057
4437
568
3926
3771
1007
6294
251
4652
3183
5534
8481
7542
2064
7270
9753
3986
8350
738
3707
5046
695
4346
5107
2132
5441
9076
2360
1436
3010
7945
2863
3336
8663
4023
5692
2320
4257
36
3736
6038
743
2652
8411
7999
4406
1304
7863
5570
6483
6113
8371
3945
3
2644
4311
132
4773
6579
8639
8653
6338
4865
8276
2553
259
5896
5748
6735
298
7913
4596
4735
6082
8441
7878
6544
5192
8063
4995
2109
1289
2948
4600
4536
8226
7544
2459
8221
1430
9174
6940
5282
9157
9445
6499
5822
8857
8397
6570
5693
2844
2600
5924
3579
8984
4641
990
3117
7587
4296
1759
8497
6629
8391
3353
7280
1821
8579
9856
3343
7185
8903
9649
5734
1269
7162
2939
4631
8669
294
3813
231
3853
4454
3439
841
1579
6764
2291
1275
6863
1186
5452
9959
7481
803
7354
1649
5959
7626
2546
167
1935
5988
4520
2532
5804
2046
7840
5735
6858
4263
5414
7641
4532
3958
5729
8302
7111
8697
3497
2390
7074
4864
2641
5709
1149
8771
5986
6046
5017
3191
5421
7610
8431
4872
1342
6473
8260
5874
9571
45
3332
9281
9875
3116
9544
5198
7918
1235
4194
9795
6572
946
3728
5075
5595
9766
3148
9481
983
4132
2182
9016
5135
3174
1236
4844
6698
6321
1070
4172
993
556
8542
338
1679
4760
5325
3815
5468
6169
8316
7306
5424
5000
9692
3473
3211
3536
7102
5399
943
7134
9927
7347
9653
8181
8482
703
428
9415
9072
2599
1860
4950
5294
8231
4033
9269
1222
2629
9557
2146
6234
612
7105
4538
2995
3266
5637
7949
8514
1172
8968
7368
2901
940
4764
1389
332
5396
7160
6480
9654
3358
2022
300
4336
7864
6140
3330
3229
5745
6079
3677
4869
4218
6099
2535
3730
9783
2571
6132
3137
2326
144
3474
31
2552
7547
1006
2917
5540
6825
4435
9288
1281
8164
7326
9001
7844
8048
5556
7813
2441
4866
6191
6157
8376
7916
3154
5353
4724
808
3127
9467
3732
6016
8056
2213
6597
5411
9606
784
6880
1383
3871
1601
1686
1963
3898
3327
6882
1977
63
5032
4282
5366
4527
4655
9953
6606
4876
7414
7718
3891
6954
5289
6193
9713
131
7375
9478
9997
2837
9317
1737
9026
121
7506
6813
2513
8483
501
2438
1833
7462
5372
3047
3800
2992
6129
7479
7627
265
4021
5899
1680
3519
5532
3176
5793
3237
7643
8872
8337
4181
7316
8728
8993
20
5172
5011
2386
7039
138
6642
1975
6634
7599
8208
3756
1537
7244
2310
2407
9410
2578
3005
4959
7333
7351
1407
6447
4267
4103
2866
269
8991
9209
9546
4905
7129
6715
7666
7073
593
4771
2719
4212
3286
8244
5870
1741
5222
3550
6388
9279
2723
3141
3271
460
6835
6178
6603
2193
8118
2070
5466
8052
9375
9364
44
6632
6530
9494
8339
9295
9626
4029
922
26
5088
5007
3341
635
9231
6916
6008
4537
5702
5911
1800
9374
8369
3108
6272
6159
6833
6177
6505
5937
4465
5526
1592
1971
3199
6207
3971
8223
7309
3738
7527
6915
5784
4753
8708
9691
1249
8028
8670
5243
1405
491
9056
3696
4145
1998
7944
3834
1144
9731
4273
4541
3766
1352
6869
3099
4427
2081
2169
2094
6126
788
7748
1106
2959
7020
9121
4010
9304
4802
6229
8278
5381
770
2181
2377
5778
5878
708
7534
1640
7205
5427
8080
9756
5026
4410
2141
5625
5827
8061
6652
3966
2782
4640
1465
855
8953
1320
1358
5700
6551
3001
2017
462
3362
5622
2008
7461
3808
4101
6384
9947
5641
4601
6325
3791
4495
431
809
1577
9320
3433
4438
6337
8906
8176
8151
9089
651
6449
4999
301
6709
9219
8220
4776
9471
1335
1433
3573
5948
1470
2732
4294
3774
2965
6078
9656
4566
32
2607
5975
304
3061
3482
4818
9969
184
3992
1572
6732
1005
3076
1957
4426
3568
9194
1764
2278
1259
1749
2631
9722
8755
1556
4182
1401
7614
3391
7117
779
2120
4174
384
2372
4665
8550
2196
3438
5278
1481
3249
4670
8250
2707
3669
6676
3627
7765
1981
3681
4526
1555
6914
3461
5010
1013
8032
7516
4785
991
2468
8268
8095
3799
3988
887
2078
1898
340
2105
4702
5965
4974
2478
1267
4366
7234
354
7636
4945
2929
9972
5125
1540
443
6780
3002
5663
7273
158
903
9084
2336
4932
546
4500
64
7314
8924
3294
6354
4290
2936
7708
7515
4388
2306
9103
3363
3015
5213
574
9694
7715
5071
9610
9067
9273
5446
6236
9475
3228
3051
8378
4486
1477
9150
5477
5816
8279
9794
3541
4636
8177
222
4912
3785
2027
9199
8326
9522
5299
5360
2290
5680
2942
664
1429
1920
6921
2211
3406
1071
6595
9887
520
3128
6996
8680
9780
4127
9582
9660
7122
5019
364
2307
3665
206
96
6910
2788
6859
183
9329
8082
2345
5217
1227
6857
8521
8202
9002
5725
9840
9881
904
4800
4935
4816
3078
2183
6111
1755
9712
2615
4565
9584
3285
6851
2778
3798
4395
4937
8038
1288
835
5456
3415
9193
6138
9693
9114
4247
1692
2143
6565
531
1888
3673
5014
4610
1955
1542
9497
3227
2122
4457
5305
4955
4143
5062
5223
1548
157
1629
5164
8753
5447
219
4448
9027
3749
3722
418
3524
8233
5234
1253
5939
2098
8418
8123
3772
5290
3475
426
2517
3567
2987
5304
6896
6112
7279
9909
9430
4676
2504
2509
3580
9644
7751
5205
9812
6379
696
4941
9788
9882
5374
5174
5850
1648
481
4375
414
6091
5121
8255
8139
374
5469
91
6050
8088
2457
5313
1571
9773
672
9256
5847
1626
9764
3069
4870
2874
3809
2260
5805
581
1951
1563
8582
5184
6442
7258
1773
2592
271
8443
4737
3244
2678
6726
8024
7233
334
126
4719
2550
7508
697
7044
4831
9505
7838
8297
8387
1580
9614
693
3836
7336
4836
1043
7726
4703
3835
3277
1127
860
3890
4649
8040
1340
728
4554
6187
9741
4250
7070
579
1225
8980
7452
2437
9929
3906
2404
3225
6549
6063
5823
9747
2309
3757
2270
7069
6945
6590
9489
6666
6792
9232
1778
4923
3553
4681
508
869
4581
3603
2272
7097
2529
7655
9206
1934
2893
3187
6494
3805
2480
127
6958
9326
5751
4747
2850
7200
4712
4970
2191
5472
6596
8199
5286
6728
7907
3333
6939
2385
5097
5434
4542
7372
9866
1875
3846
9156
3456
6799
2353
3509
6067
8026
9338
6592
6432
5162
7646
1472
4176
2807
456
8285
3531
3434
1353
3839
7633
877
6602
7524
6803
7048
6378
1022
5860
1581
5856
2983
9624
5600
7642
6529
4391
1696
2357
9968
89
7667
4693
1392
1568
2279
8492
2584
2613
2664
7018
3198
3045
5190
5960
9703
5894
5102
4675
7606
5391
9259
1777
4230
2118
1317
1415
8645
107
3576
8673
6508
5608
2366
8107
1378
3811
3770
7889
4414
1446
9198
1395
5976
6405
5402
5812
4464
5640
5616
3501
3996
3668
375
7168
3629
7872
3710
9079
9574
1133
8508
4342
3505
647
6866
7807
2082
396
4787
2454
9515
6750
5226
8740
4602
6257
6059
2798
3417
4518
7596
1985
6287
5983
4980
4668
177
1338
5956
8205
2399
2577
7552
2011
7075
4136
1677
3423
8818
7049
4479
3611
6528
7420
7397
754
8671
7453
832
4798
547
2597
3451
9282
7720
9442
4722
1030
207
5228
2470
9588
2402
7879
4233
8124
2951
8985
2879
7963
4510
7154
2047
8307
4558
139
6616
4666
3429
7441
2035
6797
4504
5819
8340
906
6403
9697
8114
253
5768
5829
6173
311
3162
7588
6032
4634
2186
7006
5717
5549
6498
1725
4088
123
2379
1612
7465
1801
3901
6919
5996
5332
2317
8248
7635
2234
868
3609
8574
2330
1566
4579
5945
1949
7968
2340
2289
1122
2691
1634
6948
3195
6733
8341
316
4809
2110
1598
7133
7062
8563
8836
3865
5284
110
1507
5536
7734
1646
9944
9052
9850
1550
3486
9677
1308
4654
4933
4854
8501
7272
5984
3209
4642
6047
2425
6789
1518
286
4620
3302
8400
1921
7029
4047
8810
449
8519
318
2533
2461
5274
3556
6758
5998
7055
6912
8789
5340
1851
1810
8964
5651
8720
5586
5997
6227
9341
8536
3413
9883
9906
8427
6500
1151
3214
9397
4730
2793
539
6298
5645
7707
3041
1760
4051
4929
313
1002
5861
8485
6381
3208
328
5797
2699
9632
362
4008
5848
1150
1512
6521
6246
8422
3616
7827
309
2503
9991
6543
2506
7492
8452
2083
4811
7921
1787
2127
5033
124
1811
5364
4421
3511
9075
2957
2160
200
3175
8798
9125
6585
6117
6139
6621
7815
1184
997
6300
5794
3614
5684
6209
764
5564
4804
4164
6560
2462
1662
3125
3173
4238
79
6520
2305
1956
9733
709
3460
4305
6523
7483
1048
989
1988
4524
3962
1841
5936
9550
2129
325
666
2161
4476
274
1905
3529
8101
7817
2733
9012
7699
9548
5098
2554
4962
7278
5820
1146
1386
4612
8642
3699
7230
3094
5882
7745
210
3067
3530
610
6694
5170
7956
996
9516
4242
4456
9521
557
9092
7382
1125
5906
3883
1650
7772
9886
7288
4318
8283
5090
9464
3143
8629
7195
609
3479
6409
9398
4240
8995
4997
5067
3608
5938
1784
3526
3254
730
4954
792
3356
7560
1583
4114
7008
9641
5644
4908
5889
534
9721
6581
3007
8168
3692
5119
3910
4845
8193
2741
1976
1609
6542
413
6024
7586
9
1072
8432
7553
1502
7932
7021
7802
1721
6922
7480
1792
4530
4648
1676
6029
9406
934
616
9982
8173
4159
9249
9839
3695
6846
8135
7121
5685
554
4638
9189
9108
3100
5546
8512
8930
1293
4122
7762
5664
1490
7078
3367
2988
2467
9454
667
2596
3859
5060
5953
9214
9540
1170
3232
5846
4621
2277
6148
6438
4112
2735
2315
9196
8749
7389
1991
2924
9257
4359
2781
2950
50
7668
7930
2627
6815
8896
1842
6392
505
4074
5037
1023
4545
3682
5221
7842
3164
9169
4534
694
1499
7498
4976
7166
5612
60
1284
9638
2572
1371
6141
5514
6240
7376
5738
9965
1717
3421
8270
9324
3555
3234
1332
5845
8926
401
7799
6555
8987
5109
6476
2520
7573
923
2358
2230
7649
2660
9151
5069
9207
6942
1112
2231
7428
2487
1659
4221
3283
6096
2544
6953
5339
3049
2319
986
9154
2851
5835
9915
4547
3993
5969
5262
6611
5419
3551
2643
3136
4742
6073
9560
3860
7902
9205
577
5369
7085
1055
9035
9567
5818
1137
4613
1475
5073
7131
6881
3122
6767
5927
4556
3090
8408
2740
4978
1683
3804
6238
6162
7678
3523
2674
1277
9057
4254
3018
6252
9043
3952
4069
9352
6033
2042
5836
5485
1862
7253
7554
1765
7593
1085
5298
6098
1326
550
9590
4450
7493
4505
6260
2768
6669
150
4226
4027
3787
6613
1672
9448
537
1766
2099
7738
2576
4477
6155
7897
5758
9202
5940
2267
8945
1355
8069
6481
1158
6390
6836
3131
3408
140
9742
3355
7332
3118
864
1373
9648
3512
9164
6087
5780
5790
445
9361
6970
9449
624
9046
9272
1804
724
9228
6276
73
2396
2219
4967
1337
8073
1816
4659
1744
6355
5724
4147
8634
9749
7671
2212
638
2689
2508
5344
6938
515
9396
7698
3943
2979
7064
9460
2854
2796
3119
1479
1257
2821
5650
4856
7096
5467
8933
6066
4236
7750
3520
9305
7728
3894
9240
4531
3783
8957
2179
4837
6228
6121
9620
973
9925
6283
2261
6527
4308
470
7847
3109
1606
7579
7873
3258
9542
2774
8182
5375
2371
2128
1328
5083
6335
6103
5733
5023
5691
450
6538
929
5310
303
1316
7349
3246
2815
2048
658
6274
2052
2991
6690
2927
7310
5044
8627
9727
5316
5493
5063
7424
439
1483
5901
858
1790
5871
3704
1826
4947
4736
8416
3169
9535
4108
3494
7922
469
9696
6452
4335
6211
118
3565
2335
8160
3907
4515
3220
8206
3647
2722
369
2107
3316
8656
1513
7286
9417
2635
4930
7955
3954
853
4024
7511
9666
1368
676
3917
7004
3583
1655
4001
4801
7504
1025
9579
3120
4211
1735
420
7325
4721
9975
9996
3142
6827
5050
840
2947
6345
972
8502
7087
2833
315
1349
4674
650
8721
3709
9303
1394
9047
159
4455
3633
1746
3596
8414
8428
8960
2765
6540
5146
5967
6393
2721
9389
3793
6823
3674
2173
8351
2894
4135
3098
1393
7071
5382
9340
9147
6285
5461
475
4314
5064
6130
7186
1251
6822
2581
7324
7855
6312
9160
7721
7287
2598
3792
7
7923
7383
3222
9676
1079
4754
2790
9158
2558
6412
2084
6656
2148
8415
6401
7695
7755
4718
4680
793
1904
8847
5715
7821
7959
7352
8804
9318
4560
5054
2332
1605
1379
7914
8358
1240
4471
1018
2367
1896
7095
1420
22
8631
386
8814
3426
4590
5601
9455
3632
7591
4688
6524
6646
4372
7271
4348
1890
4219
8059
7081
9105
7266
7283
3564
80
7313
9849
2570
8660
5131
8956
1061
8092
2692
8882
1138
4362
7464
4911
6175
7337
4874
2024
2455
8406
3914
5314
321
7706
4271
692
3441
2647
2485
3537
6966
6989
757
1495
4867
7950
6460
6801
87
8179
6055
3855
4660
5830
7731
2365
5755
8275
7432
4249
7400
8305
8679
2349
8486
8458
3683
2152
2341
8075
8532
720
6600
5451
9979
9719
7901
7858
4467
7962
6044
3558
1521
1408
1723
7658
1871
5398
3079
4266
2789
7791
9916
7329
1682
8365
528
1254
580
9809
4169
7690
5292
5450
7691
342
4078
7692
7206
7341
8965
273
9568
6289
9870
4141
1162
5907
8423
2274
4572
3357
8098
7836
4604
8219
7388
8157
5440
7903
4884
8619
4706
5264
634
7848
3712
4054
1011
3781
3970
7661
9032
8576
6109
5989
698
7358
1427
4065
5024
969
9463
3081
192
705
5260
3637
6114
7408
5561
681
829
1983
1118
199
8761
1588
5831
2087
5955
8014
1993
6040
783
8065
8229
471
3414
6805
1410
247
5855
8413
4901
457
1354
4059
5573
2237
1567
3916
9940
483
3625
4960
9190
2750
1530
2881
3299
5191
3858
7296
4433
4039
1287
6280
6371
5306
201
7361
836
1426
8466
6545
5005
1068
2456
6
4425
2298
6030
1748
7850
2079
2954
3496
3607
390
8410
5195
3934
8473
6174
9525
8746
1868
8247
373
4488
8905
7019
2406
3675
7555
6876
8527
6816
2953
5999
2061
7478
2497
8004
8347
787
979
9184
2117
6651
6290
6964
7184
3788
6653
6626
1795
7965
3984
2420
5123
5326
3312
3151
2949
5171
3306
5189
221
3911
5128
4690
1246
264
1931
2093
3236
2830
3604
1678
314
731
879
804
6648
4462
4385
9126
1298
2491
9939
6599
844
4813
9163
2701
6927
1969
6526
5478
9359
7595
57
235
6806
2738
5568
1906
6765
3157
3618
8816
8648
8822
721
6021
8666
6202
1297
5844
3844
7224
4393
6366
9138
9137
9990
7409
7343
5311
9954
6026
7267
6864
18
7356
5922
287
7997
4725
4091
1050
7730
3135
6108
240
4398
9347
6557
6301
3724
1003
2860
8891
9608
9408
5520
1239
2040
9300
7660
4700
8594
3919
7320
8025
3442
108
193
1987
3980
4347
203
4082
3974
6464
9926
3543
4084
9294
1111
8115
3301
5507
2916
3671
5154
6894
6017
8693
9801
1291
1742
6490
371
994
2649
9896
69
6161
2324
873
208
519
3631
4484
8554
4177
4288
3744
5147
7235
798
9404
8109
284
3540
9064
7852
1152
6724
1531
9844
5355
9841
8962
8213
7867
2530
4987
6717
7987
3397
7887
165
1926
1417
6537
878
975
326
2832
4280
119
2297
602
5883
7811
1702
1761
914
6699
6930
4367
7103
5841
479
1873
2264
9961
2608
3113
1803
1747
5412
7225
927
3200
2095
9484
8850
807
7423
3262
2683
7819
8757
8917
7418
5525
122
6659
584
6654
6346
5318
7110
7179
1644
8246
882
1087
9725
9106
4826
9724
2891
525
8317
7829
2209
8687
4345
5584
7875
2380
6199
2673
5776
6415
3987
2978
5377
2135
1536
2859
4216
8650
5487
399
9049
4183
105
5703
6468
6417
759
6845
9622
7522
9131
9920
2813
7519
1719
4739
2977
409
2453
3857
283
451
7490
7713
5475
3617
9810
9438
6972
6057
2271
3478
6119
6448
8759
2731
7167
4608
3339
5555
2814
6890
6516
2937
5430
9120
9858
8389
6872
8951
8125
8922
8734
4682
7686
6048
3648
3790
4523
795
5009
7024
8334
5852
7634
6273
2675
7152
1545
6993
6623
8008
7124
7471
4275
6784
6903
5732
2794
377
2216
849
1707
7315
6429
4617
1478
6081
1958
6561
2526
9931
6363
1560
6683
5112
9811
2481
7770
5789
9446
4977
6456
6115
6759
3684
6336
7980
1574
2918
5177
8195
2899
5695
9999
1329
9957
4332
4171
9956
5130
5926
9276
8883
2370
4882
1500
2900
5035
7540
9246
5791
1867
4368
5276
489
4893
5762
1947
9564
363
9755
4741
2612
4217
6085
7937
7759
7794
9803
4810
2023
1621
4285
5565
4686
5433
745
292
2676
8380
1049
9365
3634
1004
4246
8081
3114
7685
6361
9777
6790
9025
6897
3103
4256
1017
5538
3323
690
661
9513
848
4519
3587
599
7769
9905
7046
6284
9808
55
3975
6413
2952
8392
5006
6685
1109
7747
9805
8188
3304
9684
1603
8540
4035
4946
5283
6023
9086
9633
8713
1098
3560
6681
6787
9798
7013
7340
1121
7890
4307
9784
9729
2351
7680
4186
7146
4452
4329
9750
1229
1054
8566
1272
1849
7938
4863
6095
7092
129
6889
2334
472
9802
9603
197
2669
6241
7254
2172
134
376
3467
1798
4985
5895
4828
7211
2729
3940
773
8996
5902
5920
4322
4805
7809
8361
5730
6190
6069
9595
7198
1243
749
8015
9512
9537
7466
8243
8256
2938
9221
4492
2108
2280
9507
8830
4287
7255
6145
7856
8684
4052
3349
2998
2620
8568
4213
5219
4262
7009
954
4436
95
8272
1850
870
7584
3578
8989
8598
3955
560
8752
5049
958
8837
2032
8235
9679
945
2536
4205
4587
6598
370
6575
4575
366
1171
8013
2056
7746
6779
930
5431
4808
8938
4491
9069
3036
2074
3842
1266
1080
831
4696
25
5971
6239
6978
281
9778
7190
102
1533
8480
190
1831
588
7385
3084
3288
7339
5842
9068
4365
5913
7735
716
6838
9030
5444
8999
4049
1528
3064
9538
9984
8777
7293
5508
631
980
7733
4777
4740
67
9987
2020
3764
2068
2000
1053
8198
39
1854
1218
4279
5108
8271
2361
1119
5619
4889
8935
128
7374
168
4709
2388
1743
2259
2445
8321
9726
8435
5682
9353
4780
6170
6893
7207
6959
7051
164
5459
9107
715
9964
3376
5272
4528
9099
352
7311
2015
5165
3095
3649
3020
1836
2221
1968
4490
1461
2482
5437
3145
6382
9447
1360
389
1884
9443
7318
7187
521
6503
3267
2555
4623
2762
1602
7249
6124
967
9685
3714
9977
2694
8398
145
455
9779
8510
270
448
3582
8548
9407
3885
9949
2943
4295
2426
5157
583
6810
2883
9605
9759
3032
3652
9587
910
1872
6547
845
7957
2587
9129
7434
9337
7567
5674
7148
4778
6426
7494
7392
8033
7935
9963
3538
5317
1869
2800
7007
1344
9541
6065
6788
9378
8264
3275
6303
4351
82
9161
9815
8587
884
4371
1675
8383
4034
3735
2325
9551
9950
9625
8914
8035
777
8155
9101
7399
5362
7561
8257
3896
3480
5308
5952
4885
4046
7227
9791
3210
7113
3455
6539
7739
8456
2449
7476
5638
3035
7585
6829
3720
6375
2838
1315
2528
6488
163
5161
5483
4154
486
5597
2697
8794
2898
1330
365
639
2559
3257
8801
962
2932
9459
1103
248
9831
4349
2417
285
4278
7155
6820
1908
1891
6777
9758
2745
6800
3462
9096
5113
3372
978
8267
6383
7449
4478
7637
3375
6568
5065
8621
6263
1486
1210
1140
2516
1989
6331
1652
886
5954
2542
1852
1194
4745
3369
4483
4851
8368
7866
9139
3238
8294
4580
7377
818
7727
9280
7835
6675
6719
8509
4752
6086
4717
4227
8120
1248
5281
1952
2018
1597
6776
3416
3807
9913
7947
8122
2906
9451
3822
6507
5660
6362
908
4099
6665
2206
2857
766
925
6884
5257
2967
4356
8754
2804
753
3861
3405
816
4418
6435
7158
8821
4032
5149
6712
8434
6244
2636
1754
2922
1965
3201
459
3033
1699
7572
8335
9974
7804
3642
1052
9482
7386
6167
7138
6329
7106
3881
9592
2486
6566
3983
4428
3733
6731
838
2771
5704
8360
4503
5603
3592
6906
7562
1815
5492
6142
3594
1466
1857
1544
5251
9686
2606
5329
1948
5061
4664
8716
5160
4443
8844
3389
2300
8011
5403
7808
747
497
1028
6259
2045
2960
3075
6718
4685
3606
3933
7469
3840
4900
9291
5359
3089
7597
4120
9981
5404
3503
2286
6660
538
3260
8983
5795
736
9091
7806
9549
7142
1806
331
310
6594
7640
4408
1384
8183
4549
9479
6934
7438
1830
3688
9476
1840
7602
4614
1333
1914
4746
9631
6691
8320
3825
5803
2933
9104
1751
62
6908
8425
1169
3528
7321
3342
256
125
4689
312
2856
6667
976
8375
4281
1604
2626
9344
6467
2125
7174
1843
3096
4261
691
9672
4096
3424
1786
811
8106
3508
2281
874
8731
4487
9941
3978
9112
1909
6068
5352
3268
559
3870
9572
4156
3723
6071
611
9054
7247
8864
9680
7877
5271
1973
2030
6245
3218
1471
5481
8647
1525
2282
5898
5873
2792
1102
8988
436
6127
5547
3365
1690
8778
9258
4060
9509
8046
8657
7421
1097
2795
38
6969
4963
5178
854
3401
9583
9710
7109
2495
961
4951
5321
7164
3946
245
9952
6489
2378
1660
7857
9334
7996
5786
762
7505
3374
188
1104
5259
9061
76
6952
1440
8539
9885
3194
5562
1658
499
1736
4148
7911
7444
9771
6043
3773
8447
1421
8867
9162
2730
1731
3923
7056
5245
7042
663
85
7077
3470
1945
7942
5581
7017
3921
6705
4535
8592
9813
4496
2880
9670
5246
8333
6513
1480
1645
1120
5551
4453
510
3388
679
1799
7246
1657
5166
8476
454
7845
4835
2116
863
6041
9033
500
7805
8140
8053
49
8760
2541
2256
7242
8049
3491
2666
4998
388
7656
8570
7203
6716
2514
3058
1400
333
1558
565
5963
2972
6322
9581
8130
2756
9230
7239
5371
5244
8524
15
1301
6122
2071
5987
7188
1083
1619
9122
1154
6534
4904
2890
654
113
5634
3545
2806
3046
5253
2861
9350
9519
2885
796
5096
9563
3192
5893
8325
9141
1912
137
2463
4599
7215
5141
8662
7694
7672
3892
5833
6946
626
2670
1452
3904
2677
8253
7886
4377
4251
7722
4902
3689
1697
9555
5779
1370
1793
5750
2543
1036
9357
5958
1687
4407
8002
2961
8726
3621
2650
2038
1591
9411
3657
8767
2471
9877
1859
8472
1173
5347
982
5672
5040
7202
8744
3182
645
4175
7223
619
7076
6249
9297
924
3999
7262
2175
9290
1476
4306
2654
9227
2001
8445
4137
3810
3300
5034
4948
4355
4915
6640
1901
6589
1212
2006
3767
3702
415
7906
6841
6171
1182
1271
2980
59
1586
3399
3900
5279
2312
9403
9387
4511
9367
2580
9167
8523
4632
3639
1134
7396
8426
6672
1318
4442
678
8841
6781
3759
5824
7363
1074
75
9878
6451
3797
3464
2299
998
5518
8597
2403
1347
4763
7261
5072
5742
2252
8403
3326
6158
8
2410
5148
4589
8167
6433
1642
8463
4899
1848
9600
3368
6037
2409
10
387
2473
7210
3377
133
8672
7052
2982
8908
5972
4277
9928
9787
9327
3638
2435
7407
9080
9853
6282
2910
2976
3729
4086
7669
8475
2919
7364
9236
4423
9492
3977
9765
9602
2439
7788
5571
5180
2283
2575
7290
1300
9902
5910
7619
810
8516
3105
6714
7991
1809
8606
6920
541
9891
805
3725
6974
815
8141
9818
1776
6364
7169
1654
8732
3320
8827
7378
7265
6206
3837
4235
1231
7701
8467
2986
8238
7539
2638
9178
8599
8942
3680
9903
9268
4381
8683
5045
8394
3146
9234
3149
2877
6064
3080
1902
2912
7823
985
7180
42
202
5900
7709
4320
8227
5809
6766
2818
4827
6307
4041
718
5388
6577
3997
4839
2203
4942
1729
4075
216
1656
2296
5839
5516
6850
2855
3849
5104
7140
432
1698
1439
628
4028
6741
2941
8934
3506
931
7143
968
345
9639
5662
6493
9469
5365
3969
2057
195
1637
6020
4072
9528
4416
6186
8961
8919
1964
8940
8437
3346
6979
4387
3641
7238
3888
5897
1256
5057
3514
3206
1870
5545
6261
3233
621
2036
8364
4151
66
1116
2201
8623
7369
9177
3862
5288
412
2097
7781
8459
9893
814
4788
1096
1090
1451
4729
4943
1700
6018
6311
109
7969
8085
4726
9140
1105
1504
434
56
161
2817
1691
5018
9892
2242
327
8090
5890
8763
5250
1086
4042
8946
3826
2415
2510
3153
2743
963
1789
7647
1160
7226
6736
6885
4228
5707
3425
5453
4548
4582
2130
966
4749
1073
3430
2823
9792
7322
9179
4189
5721
1839
3291
1213
569
9171
6562
8309
2549
2622
713
2207
4743
5001
4045
3383
2726
9971
4731
7972
3265
6332
2997
6491
2428
7676
1437
1484
3329
5647
4258
5706
4210
2759
2926
1768
3742
1035
7299
545
1399
1089
3013
3156
1774
1524
5941
5443
8887
6004
3741
3967
2884
7040
7729
3364
1858
3636
3727
1264
6702
1653
9271
9573
6215
8110
9436
1163
4794
2112
2189
6297
3132
3006
7456
2431
1322
4861
9152
5982
7135
1939
5003
2573
464
4583
8762
6843
6251
4264
9864
7419
3489
8356
5151
3159
6891
7934
4714
8071
7098
6615
9845
484
4104
4331
8381
889
2994
2989
3350
3828
3242
2224
7345
9145
2618
2805
7910
2865
3340
6533
6189
4968
3115
7446
3310
6035
4360
7705
3171
594
6641
458
8093
1844
7618
8593
4079
3402
4630
9351
2518
5238
2375
6783
3856
8879
9422
7440
3753
1183
5865
4898
13
6994
143
2836
4759
8641
9714
7652
7036
6812
3279
3026
5604
1366
8424
5875
8159
9736
452
2656
5722
4396
536
516
8848
589
2946
9343
9006
6619
6295
6265
2515
4857
6248
9212
3463
3307
4757
4208
1032
823
6700
48
4645
3251
1706
5642
4073
6462
4106
885
7860
7546
4153
317
571
9785
3928
1526
478
1100
6559
1365
5587
995
3378
3468
7127
2012
742
9569
1824
2527
7216
7486
7893
5322
1946
3645
6414
5337
859
633
2915
2621
2617
6305
5110
6076
9168
6961
6837
7764
7600
250
1897
3419
8241
3004
9135
4625
9173
6991
6472
6995
9223
136
403
1775
4155
2443
4568
6247
9192
1527
5694
2940
299
6194
7342
3437
8845
5766
1345
2888
3418
1509
1835
4472
9635
1159
2145
8119
1416
6201
2165
2159
2625
4222
155
9197
3876
3685
8997
1666
1497
2389
725
5868
7350
4821
6721
2376
6324
5506
9503
2970
9048
482
8881
3947
9381
6984
7826
9681
5806
7328
6134
7060
9284
2393
4162
2479
5876
6485
6226
5416
4789
5814
3949
2928
6286
9797
6865
7010
3754
7275
7510
9292
2925
6450
9596
2693
4173
4847
3292
8313
9819
2062
8843
1822
8201
9973
5623
7990
6036
4013
1670
4364
3471
4179
9296
2131
3872
2002
3259
1889
8809
2802
6327
1099
7450
570
1608
5569
6487
1613
5591
5199
6278
6674
9769
7714
4644
1631
9310
9506
9315
3786
4071
1177
114
8611
2748
6947
4824
4710
1523
8039
7281
8986
6360
4557
5351
7066
4907
2202
8003
1066
1582
6567
5737
2646
6304
1285
6357
2343
5185
1813
4906
1992
2737
4066
5675
8197
6867
7615
5389
7743
2031
1817
4958
117
6782
7787
6293
7664
3410
5175
5361
2053
4485
2328
5666
8557
5269
5315
1095
3542
3976
7268
6706
3448
4020
5462
3409
319
1575
6334
7196
8852
6831
6107
2717
8393
4379
7308
8750
4268
4026
1589
9738
2769
2092
4716
5699
1847
120
5531
6268
517
572
9611
3552
4321
435
1382
1553
1058
2502
7054
6347
3422
9988
6701
8386
3021
5287
9210
1356
4215
329
3535
3216
760
7551
1630
3563
9688
9195
1346
2574
3398
857
907
9817
8363
4276
2902
8737
7282
4206
8712
3517
3044
4293
9806
4328
9405
9675
7830
8851
6341
6757
7756
6147
5092
3168
4340
6745
84
7899
9621
7101
513
3562
5884
7501
3985
7725
576
9739
6932
5013
8950
411
3366
4317
6804
3488
7043
3912
6584
6310
4658
8529
8613
7675
7558
8515
8889
4055
9807
5489
5572
8947
850
2285
53
1856
3161
3868
1564
8100
9628
9395
5502
4734
1041
4671
7717
4248
8043
2803
8300
7768
4386
5621
7513
2405
9090
6775
27
7687
3902
3513
185
4002
6809
8370
9386
356
4881
932
2973
5417
8982
7147
2563
3476
9689
51
5756
5649
1928
8055
7487
9127
5658
5656
9349
959
6739
7632
4698
8178
1223
7485
3003
2816
9790
7149
5679
3203
2634
7773
595
302
1261
3052
4683
1282
3040
2645
9558
1076
5869
9081
8795
8429
4255
8099
5767
2490
2878
473
7291
6614
4338
3420
9705
3458
7365
9899
5934
2158
2545
1880
2295
7824
9962
3039
7295
9409
3887
98
2706
4949
9511
2984
8454
7197
2590
2886
9586
7925
3031
3028
834
4138
685
5029
1785
5633
2073
2955
3038
827
717
5408
8963
1001
156
5237
3814
2469
261
549
5798
1380
2639
3903
5167
7537
8603
3670
6056
3193
6218
8128
6778
8944
2198
4820
9746
6637
7099
7025
3472
8717
1221
4352
6729
4302
6556
8791
7199
6349
2710
7598
7919
1351
6888
8607
6118
1039
9799
8129
9623
9058
7851
4300
8031
6931
1312
4400
7319
1019
424
2567
5297
7463
9390
4704
5607
4390
3991
5390
4195
8430
2025
8787
3711
4048
3854
8765
8216
3548
296
3184
8735
2746
5021
737
3317
8966
603
2834
112
5933
4327
3428
2058
8637
2090
7027
61
7208
5947
6061
3850
6470
9241
3133
3490
1753
7144
4269
229
8000
2210
9260
7178
9752
5236
7559
1051
149
1445
9005
1268
9453
701
4755
2595
3293
8783
9037
8658
5439
1060
4892
4616
8507
65
4606
2827
4593
5277
8971
6156
5867
9331
2488
6636
1837
4981
6314
3886
1846
2250
7894
7412
8493
3869
9070
4036
3444
2258
1064
278
756
6080
1600
6400
1632
4850
8165
790
6427
7976
1208
5585
6060
2923
393
6925
1464
5683
9243
7736
8703
7882
9093
2870
4595
4552
3734
1283
9278
4732
5652
3706
564
3431
5533
8617
4756
4133
8825
3546
4077
5342
4432
241
8438
5567
8234
7222
9504
7556
289
2826
6901
5749
1094
4337
2658
320
5231
1886
2157
6578
9786
2223
495
3065
2067
6627
1668
6861
3087
1157
3241
5086
4334
8811
8928
1503
3477
425
8488
6465
2909
509
625
4796
2037
9299
5592
3197
7986
6225
6075
9955
1720
2610
5765
2944
5209
1618
8450
52
8232
1237
933
1375
8715
8388
8211
7989
1559
741
833
6550
9868
7693
1508
8401
2695
944
7391
1807
8104
8764
9094
3027
6608
8583
3345
4619
1627
947
7381
1808
9044
4507
398
8349
9440
2124
2076
6956
1715
1895
2605
4646
4310
881
4672
5066
2054
1309
2387
3393
7528
268
7525
6680
466
8041
3230
5480
3559
9045
3295
2026
5117
8719
9580
1115
6216
9416
9980
1396
1124
1409
5681
3630
6525
4650
1703
7683
5808
4840
591
7854
5095
7616
8751
6875
8444
1447
1000
1732
8578
8343
5912
2043
5712
7175
5059
214
700
2004
2999
9888
689
6025
2760
659
2483
4292
1242
7219
9566
6574
7530
9480
8537
2308
734
3144
5609
3270
2126
2633
2523
244
8832
7870
4628
8678
8595
2507
7468
6911
6425
5379
4843
1381
1762
5122
6074
6587
2842
2059
1363
8694
3845
1442
1894
2853
1879
3072
8121
408
146
9456
5133
9678
9598
5267
4573
9565
8855
6153
911
3960
8190
344
842
9110
1359
1179
169
5770
2077
275
5628
8478
4207
8154
8918
3321
9599
3186
5207
3863
2751
9652
7785
9191
9945
3083
5239
2585
6708
5153
5596
7305
1406
8506
1265
921
5575
4982
1077
7688
8870
7776
9995
670
2540
7810
1855
2248
7630
2232
2049
7607
2154
9307
8019
9647
5099
6633
7360
4651
2072
9796
2028
2287
7796
2499
9576
9346
8975
918
8558
7473
4303
1450
7171
1794
5528
6022
9015
5173
6469
7220
1031
3833
255
9468
3492
2873
1247
6855
8149
8191
9433
8200
1534
2869
3386
6571
9488
9539
9657
9201
8742
6288
379
665
3077
4925
971
6975
8605
555
3019
4095
8384
6224
2136
2749
543
2525
8534
8282
104
5345
5242
8585
3392
8355
7645
7047
9826
4019
8781
7189
8327
2156
8163
5093
6678
4817
8210
8661
675
3212
9629
175
9793
8675
2614
8054
3179
688
888
361
8972
8916
54
6933
9536
2895
8091
5356
6752
9523
5853
6643
4973
5807
6266
2711
4783
441
1302
3937
8875
8878
5248
8420
2908
7716
3830
9989
5529
7123
2671
7908
5454
1628
7014
1063
8330
2724
1673
3207
3152
7570
8464
6042
4744
1205
9820
9041
7514
8224
561
6242
1938
7212
4480
3308
6455
2392
2133
605
234
8939
8747
3305
8702
8899
2391
9930
6661
4139
7837
9203
2233
290
2476
6128
4887
5494
8785
9842
8553
1797
8405
9062
7011
7832
6292
5227
9735
5176
6213
1966
8067
4168
7403
7898
7571
7297
5429
1204
4878
8344
4972
8842
3487
3824
6214
6830
6160
6941
2747
1376
4265
684
7689
1290
3884
821
2364
1587
8261
9065
7357
8569
5210
2447
2887
5877
5686
4822
8954
7263
3571
5220
8494
9055
6999
1107
3130
9775
442
5946
4720
5760
6852
4057
2205
6535
6422
5515
2268
4092
9113
837
1189
7604
4815
2565
4333
9130
1522
1923
5215
4733
8292
6430
4605
2446
279
9642
3746
4315
7126
769
1663
7971
1996
6704
2302
7401
2864
7170
6461
9562
7251
7663
3034
7500
153
5465
2225
4441
6955
5990
5150
2868
2682
2763
7218
395
160
2227
3314
2712
2770
2616
6730
5197
2155
6951
6693
8513
4663
710
4571
6090
1883
9814
8490
5928
6998
2019
1739
3469
224
9898
7141
2681
3778
992
2381
3690
9266
9414
1695
5473
3167
3012
9708
8828
6279
3264
7673
843
4475
5741
1738
5859
502
6519
7330
3407
8277
1321
9854
6710
1782
2975
8230
6353
5851
1684
5753
5654
9833
4897
4232
2659
417
2313
5978
9617
6052
8567
5754
2418
7758
1250
5993
586
6834
627
4728
7194
4918
6137
6270
9248
7550
8718
4234
1214
3957
1924
8479
7089
2593
5420
2780
7312
3847
6987
5270
6369
5169
1834
8511
2284
1411
8342
699
9531
6862
2820
965
5409
9216
9458
7613
5070
1496
9401
4979
1491
7429
2137
8499
9261
6650
2408
778
2194
6819
3370
3989
3432
9618
368
6657
7952
4855
6573
3667
9664
3224
2106
4187
3897
8877
8792
6034
8834
8288
3009
5348
257
2235
5970
9159
5698
8222
7871
9908
496
2401
7792
8859
2496
8664
6682
5349
3272
8600
5782
9570
9869
4603
2964
2668
6497
828
9362
4111
566
477
5618
8869
232
3574
9182
4404
5905
1026
6923
5655
5687
7812
4150
4830
4546
9501
8665
9612
6747
4792
2238
3440
1110
5394
8586
6416
1874
7924
9427
8060
6723
254
6166
7240
1918
852
2138
397
3048
8923
4243
5203
5422
6437
7975
9165
6386
2716
5919
3784
3014
3085
97
8314
2323
4615
8856
4341
3252
5101
5076
7891
7853
8743
1705
86
7784
1714
7038
9585
3289
170
3017
987
984
6552
875
3315
3055
1241
8790
2522
5548
893
2493
5949
14
7437
8404
9034
5646
3765
4786
8705
5376
7001
5872
5537
7983
9720
5392
2718
9822
3623
6917
6582
2263
8269
3864
5357
1428
8690
6094
8835
8696
9823
6985
2273
6924
262
3827
5635
7723
5052
5145
7346
3740
2190
526
7488
774
5182
7520
1639
2538
1937
7509
4692
3446
2589
8240
7088
9534
7353
1611
1535
7426
7427
8252
7569
438
7732
880
5614
4291
467
9879
7130
8166
9526
78
867
7359
4180
6212
8808
5266
5383
6793
8045
9843
1069
6398
8087
5925
6007
7825
1701
2327
7503
4324
9435
7213
5723
7710
8633
1489
2561
8192
8113
7327
5232
4691
1805
5858
1827
1136
7304
5194
5583
5129
3245
5801
876
237
6143
4823
8526
6808
6605
758
8367
1620
1877
7859
6900
402
4677
8686
2063
9023
6150
2825
2265
5491
5909
2217
3023
429
2164
8890
7978
8805
4015
1153
71
3325
8068
558
3172
8819
4080
88
2679
5079
5813
6200
6711
7068
9100
4499
5201
7843
4841
5401
7753
8433
8831
6309
9059
1635
2667
8973
4803
1200
5671
2703
1174
4325
540
2744
2166
7191
3782
4543
7470
8453
8254
23
1088
2322
7789
3298
6506
1458
9491
1175
7834
3588
3941
1448
9217
7988
3929
5405
260
8644
1919
4971
6907
8496
9706
8072
4241
5143
4417
8911
3591
4224
6219
3335
1771
7628
6350
9701
1369
7905
4146
5186
2055
2619
1767
9776
249
6583
4564
8518
1142
8131
4723
2434
6658
9316
6569
416
6686
5974
8888
8820
7754
7763
4516
6320
3188
677
4956
1752
7543
7849
238
3569
1014
1196
9051
2111
5484
4561
6302
2819
3351
8304
2913
353
4124
1295
4009
3059
3703
1779
662
6541
4509
6444
2728
582
3261
7082
6771
355
8551
9018
6235
8146
5028
1323
1438
8469
2498
9146
8345
7578
2102
8064
2640
6185
1462
5490
8699
8700
2121
518
154
9298
1667
8800
5302
7231
744
8460
5168
2430
2316
707
182
6296
1262
1390
307
5188
2560
9597
4684
7653
5593
5327
2249
1838
1876
5120
5918
5523
9444
9861
2727
5539
1238
6689
9737
9860
5705
5665
180
1402
5726
3139
9187
2151
2882
7993
1819
6546
8209
7737
3189
5594
9751
2601
3961
9031
9836
8929
2142
7594
5992
3831
2835
1780
2657
2451
2547
5261
3000
3841
6671
9412
5931
915
6014
3274
8907
1305
2373
6737
3664
8006
5834
2784
9153
9419
9437
1327
1933
9172
1910
6749
4440
9235
9285
5962
4016
9699
4459
2199
8030
1623
5759
7000
5140
7084
7443
8893
7760
5187
8089
5857
4012
7557
487
6204
1062
2688
800
4927
5053
9255
9637
4030
9578
2761
5134
4209
9003
5582
4883
8170
4707
2996
5579
5074
7644
4445
8062
6196
7696
3390
9520
9559
178
1299
977
7256
4231
2369
465
8555
8117
8618
5639
9895
7526
3404
2239
2214
461
3050
729
5710
8022
5554
1020
1024
1367
7926
3899
5711
6588
3769
9524
4860
2624
8803
3443
1887
3544
1492
8018
9413
1387
7137
9117
6754
6192
8379
5574
668
3998
5384
3093
7289
600
8826
9901
2339
2167
706
7966
9328
404
5410
5697
1664
8900
2700
5415
2775
6992
8346
6377
12
8823
9998
5636
3088
8249
755
4113
3679
1126
937
5089
1643
5578
70
3875
5163
2921
4378
1498
4588
9838
6607
4129
8880
7221
3029
5328
7274
2318
8455
2333
3170
3920
3248
5930
6011
2255
7136
9530
2356
5455
9461
9529
7104
9728
522
5482
4017
1306
4050
8949
6522
7228
5615
4061
8854
1454
4762
4832
8898
9133
423
5669
5661
8366
9170
3963
4966
4323
9242
3927
1585
7204
8498
7033
5296
7786
6419
5991
1726
3915
8689
9754
2505
6511
3518
8374
7002
2185
1029
7139
5027
4578
9490
2602
8185
3359
494
3387
6319
8614
1828
305
4795
3794
8861
6628
2150
6188
7927
5094
1925
6684
6351
7497
189
3185
3816
7982
8955
2344
1084
179
3554
6743
9824
4888
1788
3581
9253
8692
1203
892
3572
3303
5016
407
3247
871
419
2653
6518
3510
6753
4553
1986
6679
8741
4363
2956
9392
6446
9668
2244
5736
789
9462
9500
2734
7801
9287
1999
8152
2331
5863
5291
2419
3338
6740
3973
5105
6083
1485
8802
3602
6760
4687
3820
1350
5775
4550
5464
6045
7740
9098
1021
2080
2839
7499
4501
4766
1195
6631
2397
5078
6668
295
7063
5350
9682
8589
9661
3250
4161
2009
7612
6254
2484
3650
2501
5256
1473
2134
9429
9204
6233
5727
2338
2139
28
1900
9039
4184
9527
1216
5713
2464
8562
3273
9355
1960
7491
9594
9616
6949
7651
507
6509
6144
2907
6807
8927
5252
9487
1990
2188
9502
7393
9707
6967
9829
2686
7053
1294
6006
1286
1037
5627
8733
2174
2432
8293
6786
9083
9119
8311
9087
196
512
8273
422
5254
4975
2524
2690
4170
3701
3498
7264
7472
4877
2180
2241
3226
3803
8724
9745
2628
5673
5550
8468
4022
1414
2786
2208
2705
3160
4774
3313
4244
162
9293
585
960
9873
3454
1959
8239
9085
5136
4919
8824
4585
8885
3610
6795
7301
6663
9890
8212
732
2171
5613
4446
6116
7260
8528
5080
6344
1974
8941
7090
2254
1432
9306
2846
3287
6269
6262
1820
1584
8359
6687
9601
2651
812
2582
883
3281
3748
9008
217
6352
212
4430
8580
6727
714
5373
2414
391
9418
7650
4253
1139
2858
9718
8147
9330
9222
7752
819
3371
4316
4539
8704
2489
5012
4131
2755
8636
4694
7677
4513
1008
711
1164
405
2904
7577
1899
5995
4373
3948
6407
11
2966
74
3465
8287
5747
6410
7086
1733
3713
6372
1176
643
938
597
9935
935
6380
1046
5811
2767
2776
8207
1279
9740
8362
1331
9508
9627
9604
7590
1413
1156
4790
380
1230
573
6152
7125
7030
7742
6340
1324
7909
7697
7259
381
9370
3102
4121
4626
1573
2698
6003
8912
9432
9547
5590
970
8298
1467
1012
6133
6744
6136
308
1441
8218
1546
7482
6824
7303
5039
2427
3071
5885
8685
4611
1647
3166
1734
5980
8630
727
7958
1224
2411
6635
4326
9702
7951
3243
5659
3500
5632
7156
4761
8531
4633
4190
8625
2251
4508
1561
5488
223
9946
5432
3635
4592
7611
6220
1010
9609
3373
4178
6359
3381
9166
174
6250
7338
3731
7495
3219
1206
4201
3561
7601
799
1128
9283
7448
1474
8328
9894
3522
6707
4299
9554
2704
6655
942
4458
8707
4629
542
6391
6395
9424
894
3269
6005
8904
9575
4920
8892
7041
4376
3068
9934
1982
5041
9851
2304
8588
1108
8865
4461
5966
3483
3384
7617
1823
839
2687
8974
6431
8390
9907
5787
358
2384
4586
712
2423
4357
6762
2963
1226
3795
2440
9474
5106
3223
6902
6601
6062
3190
8796
1207
2115
2876
8676
3747
1704
8440
5881
6105
2433
8266
8505
9874
5126
8474
8691
3739
606
1044
6821
9921
1740
5091
7067
2444
824
683
797
6738
3042
5118
4389
6421
3557
2477
7003
8319
4529
9021
5413
5886
4447
2812
524
8667
7348
3750
9804
1802
4312
2875
8477
3400
6814
8520
9042
1519
6531
2588
1911
6828
2801
485
6466
8668
2359
553
6553
3995
909
9239
9116
5341
2149
7214
2226
4846
3893
6630
551
7915
5544
6423
6230
3776
562
9634
4713
6198
999
6798
2757
8150
4474
648
5358
2708
2346
1617
5716
1009
3570
9532
2848
2684
1693
8306
6088
5944
4449
598
1593
9918
8084
3802
8901
5690
5720
7828
446
1750
367
3297
3878
9213
3994
5511
900
4957
6796
660
2245
5929
5486
6826
8970
7116
3838
6373
4965
3484
1595
846
3676
3533
324
7580
6184
7201
8773
3112
5576
239
4429
7703
1161
1929
802
8711
9734
1861
7028
3070
6936
4444
4140
3829
4506
3180
4165
3979
1339
5510
8559
4914
8171
2787
5891
6517
5781
2715
5436
928
6963
9010
3235
7538
7072
1444
7277
8863
9715
4695
5152
6097
5258
8251
6892
3549
952
8301
3965
9314
5082
8643
4562
2177
4056
4570
2021
2321
872
6396
6181
4370
751
9250
575
5977
2100
7565
4708
1865
2557
3660
740
9264
2288
258
9825
1459
3121
1219
5744
3715
6195
5629
6197
2362
9391
8016
3101
7417
3755
6093
2843
5320
8281
3595
6404
7549
3255
8103
1045
5255
8336
8495
6997
8057
3140
6638
8646
6586
288
4167
5425
5307
6253
7031
5051
1343
2103
641
3666
6617
3745
7684
382
8774
8412
8609
8503
8876
4007
1449
590
1147
5200
1596
2630
9904
1532
618
2060
1093
5428
957
9262
7405
280
4011
4380
4875
6492
801
5393
1075
806
8766
5588
8042
8682
6120
3700
7425
8142
3882
3619
3662
8695
5183
7582
8299
480
8807
8009
6256
3982
7176
3780
5370
1388
4463
5111
6106
3848
5771
230
1501
1252
7496
592
8021
5657
3817
8886
9937
357
8577
8981
1232
2218
8722
8591
2262
6151
5769
9643
242
5319
5643
2772
7868
5800
8632
1404
2852
4062
9847
8001
2604
2845
7250
8373
8144
1791
3123
9768
8308
385
4502
2350
6183
7981
8143
103
135
4770
7548
1511
523
9992
4198
2828
9948
181
5115
3758
9483
7920
3760
2005
4873
4848
640
7433
7795
7489
1199
8779
9036
7091
7885
3280
492
3659
2168
775
291
24
4313
8565
5233
3502
4894
8615
7521
9399
8612
7841
9732
5293
8775
1515
5670
5423
7459
3256
4469
2229
6397
1424
2066
8543
4191
608
2013
8948
2069
8730
2680
3337
5728
9148
9717
6110
6501
532
2758
3726
1228
6031
1980
115
891
9900
9335
4775
3319
3589
5249
9400
8295
8079
1460
5397
2930
2662
9339
3716
5047
5036
4439
3867
4517
4921
3427
2492
3074
6973
5761
5973
1
4512
337
5265
3056
617
3823
1494
3411
5731
9591
4339
1130
674
2663
9229
8263
6703
6389
6000
1280
2632
8698
6049
2849
6420
8034
9880
1314
4829
1651
6769
8214
1538
1671
6618
5458
6645
9774
9124
1168
6887
4204
9322
6755
1423
7379
8324
2993
1745
2791
1165
5124
1469
8352
8105
1995
7484
2301
5116
9533
1915
3593
2292
359
2841
1685
6773
2739
1927
8174
830
8727
1260
8571
1728
8784
8541
7984
3598
4083
9450
3661
1763
1825
9884
3452
6873
6791
901
1357
4403
5235
9556
614
6443
9966
7241
2465
6696
5309
5181
4853
3016
9233
4283
9074
6950
233
8407
6399
4270
7576
8329
3322
865
1681
8471
6625
293
2568
8027
8096
3507
9038
1552
8399
9923
2968
1570
822
6176
9651
3708
3334
171
7970
6918
776
3485
8421
8535
2752
6104
9325
243
5981
7404
3687
4597
7398
8517
9967
723
3395
152
772
9066
1922
8029
378
9816
8921
8860
1487
6664
1209
5501
5058
7100
6895
6484
813
8126
4673
8074
4667
4928
1506
9828
4289
1610
8348
1569
4076
3282
142
2920
1709
4214
4838
7422
8083
351
7118
1893
2840
322
172
6720
6536
8175
7622
5193
2914
9426
1543
8549
9040
7317
8884
3150
4825
7276
3213
7300
4223
9730
4301
950
5774
4784
4358
1015
817
6913
6504
9545
430
9613
2033
6072
476
2091
2779
6763
5442
4936
330
9007
4284
1197
4399
6009
535
3092
4852
5030
4097
8189
8457
7674
3024
7035
652
211
899
9289
228
2257
3655
9470
8148
8894
8162
9028
9384
33
41
4402
7818
6019
3231
7163
8978
7445
6434
2119
1155
5336
7294
8291
6125
440
6339
3097
4199
4200
5020
8552
5810
8817
8688
1694
7183
902
5560
7621
7229
630
4701
7603
2985
1078
3111
68
8136
2050
781
9270
213
6761
9308
3240
1263
8651
7467
2603
4793
2236
4431
1624
8017
6172
6370
9673
7410
7592
2429
6243
9943
4286
655
780
2275
6028
4272
4025
463
2395
3905
8874
8992
7362
7783
3693
3590
3331
3922
503
6168
8491
9218
6077
8799
5517
7475
8012
7536
2777
6330
4392
601
2655
205
9050
9589
6315
9669
6877
2531
9832
7474
5077
7114
9082
7581
9009
7050
5825
3694
4551
8768
1724
4100
5400
6208
9383
226
1042
8020
7023
3403
4988
5324
6844
7502
4984
2713
6387
5479
4053
9128
4063
9772
9115
1245
7355
6622
5056
5387
3942
4738
9645
7995
5211
7973
4044
3821
1047
8813
6365
493
9646
2176
6231
297
7435
9543
3547
5004
2799
6874
7431
1903
5068
6374
347
6849
4983
1551
5552
3290
2586
6101
7774
7107
9744
8871
1145
227
410
8782
7384
191
5138
4006
4797
4409
3453
771
2466
2096
5757
9425
1180
3318
3698
5463
2101
2
7518
5914
6610
5964
8312
548
786
6333
3447
2247
2442
629
9136
4245
1412
7778
5624
5275
6458
8215
9143
4994
7371
5139
6649
9910
8265
9876
4018
6746
956
527
1059
3613
8395
5008
1917
7252
8310
9640
5792
936
9704
8237
3037
4574
4849
2736
7777
1233
552
1718
7609
6593
2754
40
5923
9155
8584
3658
1336
6983
6899
726
8910
5764
3360
7780
4591
8530
9020
8296
604
5048
9252
5295
5448
282
7631
9439
4768
5363
3382
3073
6697
7564
1978
5932
1132
141
530
8545
2163
3449
2269
5935
7620
1123
3466
9748
7045
5763
6277
2192
4661
1311
1211
4252
3521
4225
4705
5796
8097
7662
5866
5799
3043
3938
2862
671
4118
9690
7413
5159
6436
8058
2114
3789
2352
861
106
6748
596
8245
2969
3124
5611
7079
8461
6092
6440
7869
1599
9323
1970
1372
2935
4996
8994
2611
1708
4149
4952
5880
81
7217
6323
2609
9553
6255
7451
6856
9630
4607
335
8977
6832
7022
6258
7366
9393
2347
2374
895
4068
1034
4128
8943
7545
3057
9286
8895
5653
3515
1516
4354
7880
5224
1641
8204
6154
3646
4750
8286
488
7108
1181
4765
6478
5620
9102
1143
4567
506
949
1129
8259
4237
421
350
1457
6515
2534
7165
2831
4990
6883
5714
6358
8194
9994
2450
1576
6957
7334
6968
5530
8655
8729
644
1431
3737
6905
6408
4415
1038
8318
9208
444
6943
9311
9247
3394
3053
8952
6677
7058
7245
4991
7940
1967
4413
6620
3930
9274
3880
6854
2811
246
1818
7985
6514
77
176
6271
782
6580
3106
7967
7177
951
99
3877
1578
6146
6317
3953
7974
3925
2311
4916
955
8573
1278
9428
4197
735
8776
1590
6563
277
5241
21
9251
5230
9181
4880
8674
9434
1292
6291
5137
6774
632
8134
3196
1398
1453
4657
9619
7192
5563
2039
4330
3672
4193
6089
9019
147
4160
8858
8133
4842
1255
6054
6368
4772
1864
7566
4202
6564
3990
8322
3126
1607
252
9356
3221
8102
3964
1514
8203
9674
8556
3495
9781
6644
4953
4192
1303
3062
8419
5606
656
4938
7034
6267
9022
2394
5385
5022
3851
763
1941
8608
16
2974
6308
1192
1334
4152
3939
4038
7936
8446
7816
2276
9465
6428
9762
9687
5626
2051
5499
7574
9060
7884
1615
2329
6221
2905
1845
2089
1270
2500
9394
4751
6418
3812
6232
3705
3155
4799
9029
1081
5144
6935
1633
498
3873
2246
148
7132
7702
1557
4493
4767
8050
1770
8086
5418
5218
7682
8357
406
8323
4656
6326
8156
1178
6015
2400
5512
7820
2564
3309
4134
3504
9607
5031
453
1565
8172
9837
6981
2178
8436
4635
4297
3599
5445
3959
7307
8560
7928
9960
5216
2010
1434
3806
1493
4374
9097
3801
101
9938
7298
9372
4624
7954
72
1953
4473
8382
4653
3601
9770
6012
5346
58
719
2896
9237
6070
2147
5821
8217
5602
5904
6281
4522
9385
5323
9431
5247
34
7917
2785
7865
8601
1674
3874
29
9245
2422
187
6479
4087
5470
9477
2424
3385
4525
5204
5777
9782
93
9871
9321
8533
5002
3956
9485
1187
6965
8280
680
8920
5214
3950
9421
4782
9667
8788
767
8169
5338
7700
5854
4126
7798
6960
6149
2472
6962
9376
2889
7387
1961
3663
5225
6512
7232
9821
2809
7941
7766
4468
2368
4637
5589
2871
5206
6222
4109
7477
8628
8500
2566
1364
8076
2971
6394
6980
1661
1217
5828
5838
2808
6988
5957
3866
6343
6725
1418
2348
622
5667
7767
4481
5
511
9354
2215
4678
6264
490
620
4085
6445
372
669
5519
9017
8677
4715
1994
8706
8525
5179
6496
151
2892
2113
8274
6463
8037
4544
3972
2003
9180
4647
9486
8638
9993
8581
5994
5229
2034
3082
7623
9914
6839
4934
7344
897
7402
5301
9763
2829
8242
8451
5577
6591
339
6548
6313
2041
3054
7173
7719
3063
9827
3605
9402
4569
7159
8756
8959
1950
7150
7625
1198
8186
6860
1669
6223
5268
9709
5476
5087
653
2086
272
6510
3022
4879
1783
1276
1979
9358
6871
3612
3656
4163
1201
2240
1296
7881
5543
4319
615
9109
6163
8572
4669
7711
5015
6802
9495
5285
794
5832
7331
8077
6439
8969
2962
7430
35
2990
6411
9472
1943
4123
6495
4926
7994
2104
8145
7659
3913
7447
1984
2197
8315
4819
2421
1403
6768
1455
6576
9452
1529
8862
2537
7862
8806
4961
7800
9095
3086
7589
7172
1892
5599
9889
1362
6051
5500
1092
7269
791
9466
5553
988
9800
7639
19
4910
9211
8289
7395
5837
3796
5788
9862
1622
3104
1636
7157
1188
768
1385
5773
17
9111
6904
6318
2416
3311
9149
9301
1541
7094
5864
4807
3204
2637
4482
5509
2903
3181
1547
5849
130
9225
8925
9004
4533
3328
6454
8196
9333
917
266
964
8654
2847
8439
9919
6453
9859
3628
8546
7797
3819
4609
5557
5739
1488
4422
847
649
7741
7761
3721
5542
9663
3751
2204
5772
7460
2140
2088
6695
3380
8770
8396
9857
5312
5617
504
2511
7605
9319
7839
7629
1141
6001
7831
5055
4993
7822
9011
6692
7648
514
5273
9700
3284
3163
1832
5740
2958
4989
9342
8005
6164
2911
8051
5598
2007
3352
1539
2448
5386
9186
3457
8561
7531
8620
9852
3361
6039
5038
9053
4514
6100
9377
4922
8023
8967
8958
2797
4274
5648
2551
7896
1940
6926
5158
83
7583
5631
9518
2475
7182
9254
567
4031
5521
360
9382
4931
5263
6123
2460
8840
657
3653
2556
5300
8544
9215
636
4067
9224
6722
6376
3775
8937
2355
6909
4070
1274
8745
3743
7624
739
3879
2029
6348
2562
1866
7681
8489
8681
8868
4890
1419
7119
7380
5196
37
3615
9175
2696
9716
8575
218
8635
8372
7161
5951
1520
5826
8909
6356
2253
3895
3030
8897
1319
682
1348
6673
4397
9078
7285
8153
166
4896
3931
3158
2494
468
46
3263
7931
9561
4064
6853
1944
926
6053
3768
1932
4394
9275
5330
7193
6180
2044
6990
8112
856
8849
7257
4105
7394
9144
5103
3278
7846
5879
4094
8127
4806
5042
5718
3889
1885
2412
7541
9695
8815
2519
3908
1882
6424
7390
9897
9855
4058
544
9498
7243
587
5335
1148
2783
7037
9379
5460
4598
7115
5354
1881
1082
5378
1517
9615
9118
9369
5343
6328
2200
8873
5677
1594
7436
4576
2661
9577
1056
2075
4924
1549
941
2672
236
8738
6772
8710
7153
7929
4420
1325
5156
6734
3532
9188
8353
2981
1244
1554
6818
7012
427
276
1954
1913
4758
4304
7532
5917
7367
7779
116
3354
4627
4662
4868
6486
890
9348
306
2548
6342
9936
3011
6811
2764
5942
4005
346
2709
4259
5630
4353
8846
1341
9473
4594
6624
7939
5114
7005
6886
3450
4895
5785
2714
6847
8066
7749
6817
5921
7411
2945
3577
9493
4115
4939
9757
3215
9441
7575
6785
3566
1510
2579
4239
4119
2184
5746
1202
8094
8070
2512
7900
1616
5457
5395
607
9978
3719
7406
9976
4166
9088
4903
1220
8812
687
204
2642
1091
3643
4260
9388
6976
948
4203
5496
3832
7439
5916
5505
7016
6210
8839
7568
8138
1772
3177
6554
7712
2648
3025
9789
8602
9951
3276
8936
5605
2187
4157
1258
5968
9983
7912
578
7803
5888
1114
5558
7059
7373
2016
4384
3909
7665
1916
3412
2474
8538
9277
8158
4498
30
9238
5566
5202
4779
9457
6639
7833
6002
5522
9071
6477
8714
6944
9846
9517
8007
7292
9176
5331
5438
8303
7533
5580
8915
2162
2382
5426
1374
722
2144
1712
474
4913
4497
8780
4859
92
5802
4107
7874
6102
1131
9313
4090
746
4748
5155
9650
9332
8487
2665
3651
8448
4043
4494
7151
4812
7904
1812
4451
6475
8010
4639
4405
5862
4555
3761
5043
8078
3944
646
4344
920
7563
8290
4
4521
3951
2266
7128
8610
8590
4014
3620
2773
4185
8465
3134
7744
2753
9312
1456
8377
3584
5085
733
686
1665
1796
5676
5208
5817
1936
3981
8331
5497
9496
4699
6203
6532
1435
6842
6558
2170
5524
9683
100
913
1962
7946
8990
7861
5840
9510
4000
8793
7657
5407
5541
1307
1638
6604
5503
2897
1853
1758
8976
4833
9659
3516
2591
8228
5668
9835
4361
1769
3379
3178
1040
7793
896
7416
7757
4102
4964
2354
9760
7953
2337
9985
9658
7679
3640
8604
1689
4466
4679
6929
7112
2931
5504
3777
1166
6299
1710
8332
8652
7512
9185
9309
1730
2363
3691
9366
1614
5280
4130
8484
3493
5708
4434
6662
8137
905
4412
2934
7943
752
5333
9013
4559
6459
3763
8758
1215
8979
3499
3539
8116
349
1101
1391
8772
7948
8769
4004
341
1907
9743
1997
9636
5961
953
642
3347
5380
400
4419
6027
1625
3597
6971
613
6756
8417
7960
6182
7771
173
220
9958
9865
6609
4003
8258
6612
2153
6275
3525
1167
8736
4470
9665
1713
3481
9363
6205
8649
1482
2294
7529
6937
8236
4584
7883
4944
8522
9970
2014
4891
4781
3624
3107
9423
3932
8338
3324
9302
2398
761
4158
1463
563
4992
1757
7992
9761
851
1027
9924
4229
1234
3008
7876
7790
6868
3296
7775
3129
4986
4196
8829
981
6670
198
4093
4814
8786
7507
8047
6647
3626
5979
433
6977
4037
4618
6879
2452
5474
9183
47
7517
1113
8111
8262
3066
9593
6402
7895
826
3445
8866
6848
4089
9848
8385
2872
4424
5303
4834
7415
3678
4125
6471
9834
9360
267
1468
5719
6406
9024
1313
7145
5903
5752
7523
2623
9063
7015
6982
1016
5559
8449
1781
9723
6179
8564
2521
5406
4711
9911
4343
3686
5334
9872
7458
3843
1443
7814
6928
6742
7065
919
1930
447
323
8626
4081
1190
8709
3253
3435
5498
9000
437
9014
9077
2085
9830
3091
5915
748
8616
4383
750
8184
4040
4411
9373
1972
4116
9265
90
5610
8180
1425
6794
4871
9863
4350
623
3575
1033
8659
1067
1722
4643
4886
2594
2303
5887
1193
1711
6870
8132
8161
3217
3585
4862
6840
5950
1814
5701
8931
4540
4188
7457
7181
7026
3818
3396
9134
5025
9200
2822
533
3762
6316
6898
8036
9552
9932
7093
8723
3165
529
2824
8833
6237
8504
7080
2867
1756
6751
9698
2413
6770
825
9912
7302
7120
6502
6385
6474
5985
9132
4622
3436
1397
7057
6457
9336
9867
111
2702
9226
898
1727
8547
912
9142
3239
1185
7888
9514
4309
9420
7248
7724
765
866
3534
7892
7977
9267
7535
8108
2222
2342
8470
4969
215
785
4369
9073
9220
5367
3586
5513
4142
94
6367
343
5783
392
2685
6441
5127
6084
3654
43
2383
2220
8225
10000
9371
6688
9499
5471
2436
5743
2569
702
1942
8442
3202
8701
9123
2228
1716
4298
9662
9917
5435
9655
6986
7083
1065
9922
209
5815
7237
1505
3918
3600
1191
8622
3348
4577
3644
8913
4791
5843
4769
1117
186
6306
4382
4110
2195
8748
1377
7964
4858
5678
4401
7782
4489
7670
6217
8044
1310
5495
263
9767
8284
8640
8932
194
3936
9345
7608
7335
7638
4563
5081
862
8797
5908
820
3852
9986
3138
4917
2725
6878
8725
4098
4144
7704
6135
7442
8739
8902
8402
8998
5212
1422
5892
8596
9368
2766
5527
3779
2539
9933
7998
4940
6165
3459
8853
673
704
1688
3060
5689
3717
2583
3718
8462
9942
4727
8838
2243
5240
7323
2720
9244
8187
4220
9263
348
8354
6713
7454
1361
2123
2810
2314
5688
3344
8624
3110