1496
1583
3807
2019
1674
3366
1733
2796
1379
957
3744
1052
2656
694
3681
2267
3960
1981
3840
125
3566
3886
3738
3229
1034
1774
3247
3501
1957
3979
1594
2389
370
3740
3177
1558
3548
3688
3061
3302
269
2915
1889
1042
3527
907
589
1686
1729
1209
3103
3792
1589
3270
2538
3912
2482
868
156
97
1718
3373
24
2582
3020
3750
1881
2484
3939
1092
3839
176
142
398
475
3661
1278
2940
74
3811
3493
3352
2828
1903
1612
3589
452
1351
3666
1426
3884
1853
3293
902
748
406
435
3515
3795
2580
2125
2471
751
749
686
3564
847
824
1446
594
1202
251
3870
3883
818
1433
530
312
572
1398
3958
497
479
3922
3168
2896
118
2721
3228
3359
102
2012
3212
210
1892
1287
1432
3351
692
2456
771
23
5
1453
3723
140
2252
3489
257
722
3734
2108
3995
1183
1598
2341
636
2157
2275
2724
368
3817
3190
3050
1374
3946
632
3339
391
2322
586
291
2203
3722
3039
2450
365
337
1874
2054
761
1841
1810
515
2791
342
1443
754
2254
2423
1493
2822
1632
3239
2747
2472
2428
108
2395
473
3761
22
1391
2888
2972
936
592
797
3354
1743
1568
713
3083
2593
2184
870
2931
3221
2771
3865
1894
2411
3598
3427
1058
710
2626
579
3502
3498
2301
2130
3024
1869
2096
2364
1809
1994
3409
614
637
1182
152
3387
1127
313
1691
3295
904
3000
1792
454
1335
341
229
1511
2680
3763
11
250
778
1913
2261
3892
812
1259
3343
758
1067
3411
588
3555
2406
3942
3462
2907
1914
3377
744
327
2237
3353
3143
1890
2407
3671
610
2362
1911
2944
1135
906
1393
2468
2957
2785
2425
717
660
3655
3987
57
2470
958
248
541
3647
2355
167
3729
1724
2998
842
1212
1223
2916
436
2528
3317
471
2178
1261
3062
1492
1062
1084
256
238
2674
3067
554
3051
2143
2892
46
1162
3176
1859
2323
3957
171
15
1626
1673
3824
1947
2029
3044
837
1543
3284
2851
623
517
2000
3630
2199
1137
2161
3676
3756
3195
3005
728
3752
2421
3064
3891
2606
444
2928
1748
289
3241
2312
2823
1725
3058
2435
1514
3391
3573
2039
55
2227
2671
150
1602
2371
2562
1413
757
1784
739
3022
2885
106
3663
2725
512
536
2332
2313
2638
961
985
2132
9
1388
2283
1879
2494
2046
1885
1933
688
2864
3014
2124
2277
3775
2075
3238
3991
1666
1049
2720
2926
6
3685
1305
1757
3638
3386
802
100
1385
2360
1069
3251
3628
2731
2177
2053
3798
2489
1235
381
3405
903
3906
3759
983
263
2175
3326
1485
2938
3415
2405
3894
878
3873
2767
231
2141
1420
1116
1837
2342
3887
1152
3969
2311
1481
1991
1949
58
1864
2330
2691
1195
708
3585
2697
3595
3801
1977
1831
3618
3244
2372
1597
1555
2111
885
3232
1641
651
2269
1021
1873
49
3056
511
900
265
3934
569
1050
2490
1134
2816
2104
2679
1442
4000
3375
2774
166
1664
71
2665
2398
165
888
789
2908
451
784
3816
3966
3042
1930
3197
3008
3603
1447
3648
3512
1051
1827
795
3175
2299
1363
124
1311
1552
3218
3277
1378
1520
1399
301
2363
3549
1712
2229
3303
2990
1368
3006
2114
759
793
376
2559
29
2256
2159
1410
3081
745
968
3683
2807
1201
2635
2018
2487
1414
1502
709
1004
533
3609
1448
3805
860
2006
1671
1944
2732
3700
3526
2792
1096
226
2667
3864
2133
634
1157
974
419
2014
1224
2578
2809
2013
1327
2773
304
798
2271
2034
2134
852
3833
2173
747
1564
3497
252
2021
283
377
1515
1544
2469
1838
16
1649
345
1593
3913
305
2257
120
2003
361
3920
2069
1331
2754
1055
3282
3140
1295
1438
3285
2073
1016
247
26
3812
3225
3416
3623
1324
3479
2677
3483
2980
2455
222
2002
170
2303
239
1538
2247
1444
2243
3695
3770
2044
2025
491
3041
3935
1992
514
203
1147
1917
705
2919
2466
3325
2572
2588
1708
275
2042
1251
2080
319
315
177
3537
2805
126
426
3641
3410
2722
334
2122
3560
1595
1625
243
3689
411
1907
1158
544
427
3621
2867
2100
2094
3185
2274
196
3053
3885
3832
1451
1173
2555
2308
2783
1081
1510
112
3715
3608
3102
2699
2189
3226
2782
1184
2611
3096
3736
2347
2790
886
3280
1423
807
1927
1700
3237
2145
2678
2169
3962
1322
3967
3263
78
3787
298
1648
2831
236
1690
2681
788
1488
2109
2655
3724
2723
1400
1566
395
2686
3308
3559
3186
762
3754
811
1922
3135
2735
2961
3521
422
174
872
3659
330
2866
3506
2480
874
366
1537
3640
663
662
17
3678
2382
3078
1787
1721
2209
489
1850
1926
2519
1313
1770
3455
1412
706
355
1526
657
1415
1600
178
1790
143
1966
1428
90
1345
2799
1557
2650
2279
3440
3393
2854
1500
2488
602
525
2138
3538
2171
1528
2709
2726
2430
1768
3965
3134
367
1772
2518
28
3059
1621
3808
2155
548
193
1634
146
1307
2099
2495
270
2446
698
3546
3234
3921
2900
2445
644
3781
1533
2258
791
1283
2894
2567
640
964
1705
279
547
2579
2733
2045
195
2033
819
3271
1848
3769
1755
405
2346
1624
2741
303
2041
2278
3179
2979
3258
3815
1738
3030
3264
3111
3057
520
2941
2273
3590
385
2845
3767
2401
2634
2515
2071
1151
3367
2955
1072
3007
2780
2379
1026
2507
3098
138
555
767
2309
3841
3614
157
2837
30
3544
703
3806
3002
1643
132
1722
1546
1501
1828
591
2755
2198
3146
1961
619
995
1119
3972
1609
3951
3171
3269
300
1294
294
3577
1720
225
1207
1865
1220
3160
3374
543
1996
1483
133
3038
1777
2296
3275
2197
3222
2218
1948
2505
73
129
3260
3712
2676
3915
2974
1932
111
1963
3253
2688
1954
1104
598
1390
3287
1978
1079
3231
3476
458
1208
1149
267
2248
1293
2404
799
565
1194
3484
1667
2855
1340
930
212
804
2904
1908
389
135
1133
3219
1754
375
1403
1928
3968
1512
3205
513
446
401
378
887
2272
955
3345
3940
3584
3830
2651
2393
3418
3534
949
1812
2826
597
3853
384
292
372
2950
2070
1480
8
506
1271
3075
3973
643
1078
3947
1434
2358
1697
123
2529
1882
3804
2250
2436
3634
1464
707
1818
1668
2776
1123
2981
1654
3760
3356
1381
2765
2913
1299
1036
3753
1389
2160
1780
1711
2989
488
1274
3240
2556
2415
1181
3818
1257
3023
10
2770
1377
2321
3074
1332
1525
776
19
803
2694
1213
3055
3086
1455
3802
1330
1505
3914
99
1852
1795
3105
864
719
1215
1238
603
3895
2110
2281
3250
2385
3516
3543
1788
1353
1236
1416
181
31
504
1310
2554
2454
3444
386
1614
2646
2179
121
840
1962
3827
2151
1830
2328
44
2077
2498
2632
2513
1280
3021
3568
2779
2092
1678
1425
917
971
2076
2417
3909
2020
3243
1684
2118
3420
1737
110
3924
172
3201
944
3149
1650
1319
1701
2583
1849
187
3867
1406
481
2504
2310
1856
2266
3591
145
3809
500
432
2882
2717
2235
3620
151
1166
1752
3165
217
2056
3336
901
1277
3524
683
1854
3453
2391
103
3551
3765
3027
259
503
1033
3826
404
2800
3721
2662
1629
3054
3790
3330
113
2992
2889
532
1024
1397
2192
1048
2503
322
1
825
2566
2479
2599
760
3037
53
1411
3635
104
3003
934
1216
2748
3488
3141
969
2376
1265
1808
3045
2127
1449
1665
1847
3312
2514
1080
2874
2848
1424
3406
264
3309
261
2549
3664
2383
352
1040
1785
1326
3106
1255
593
485
1935
2661
2294
648
2438
3777
538
3575
3130
850
1791
2639
773
3975
189
790
1980
3052
1732
205
2798
2392
2452
94
1144
1532
220
35
3554
3642
2706
245
3346
1794
3878
1142
2898
37
3400
736
939
1018
3961
963
1360
2400
3388
620
3625
3313
3421
2232
1461
1005
1832
89
1108
2673
890
3178
346
2113
1653
3129
299
2418
2971
2402
3532
898
1053
417
2804
1463
897
2595
1267
1015
3329
1842
3726
1651
2414
3040
1316
461
2086
3306
1938
1264
2954
2835
2236
3846
2225
2251
2568
1669
2759
3202
1170
70
2752
1318
2116
806
1314
3428
3907
2964
986
207
3571
756
3696
2202
3127
2502
919
3327
2036
1603
3964
1693
295
1726
3025
981
287
918
76
274
1638
1306
2959
777
348
1675
3172
1551
254
98
474
1333
369
3943
2152
2693
521
2995
3694
2534
364
3718
2880
3782
3779
2082
3429
3746
3601
2810
2024
3626
3443
2550
1636
673
1383
2868
1198
1285
421
3629
2231
2872
1484
271
2089
631
3110
1244
3094
2511
200
3088
1999
535
1820
1239
2795
3392
952
1769
1117
3514
350
3448
1639
3954
3192
2200
1009
716
3785
3581
3048
1796
1342
2620
3820
3976
3847
2983
380
1698
965
2775
2412
3095
1273
1249
1630
2623
2062
2079
2287
674
2083
3842
3822
273
211
3978
1779
2458
3710
390
1380
2201
3214
1786
1323
3163
1386
262
3558
626
1776
3009
1574
2486
1846
3230
2962
2375
1518
1359
1401
3151
2483
1357
1465
882
2850
357
469
1586
879
3994
1839
1717
336
1431
2356
2801
3089
2015
839
2753
2873
1745
59
3121
114
2090
3485
1114
973
3119
3401
285
1647
3733
3216
2728
3080
1953
937
2027
2685
3741
105
51
1658
1950
3937
2001
402
2601
242
3126
2546
568
661
1468
1695
1826
2838
2575
3697
702
848
2963
3348
672
2832
2927
3065
2241
3652
2074
3594
1997
2526
2315
2350
2558
2973
1910
3990
697
677
948
3955
714
1807
2186
3941
464
3520
1835
2668
557
2715
1352
529
3482
483
1131
1418
441
3556
1334
2439
2585
2649
1833
2135
2817
1070
2158
387
2806
665
3963
1312
1156
339
496
216
1298
2040
1375
1804
2381
2951
1387
3246
3033
2396
253
2523
1246
75
1645
284
3412
1155
388
1189
1248
2140
3496
2813
1186
1813
1652
3860
2742
2607
2987
3274
2369
2815
540
1373
3307
2590
843
3803
3772
1193
2881
664
1454
1633
2194
3933
1587
282
3018
1951
2463
3152
608
509
2035
977
3281
3780
3477
1836
425
2087
3265
1382
2619
2884
669
3468
3758
1862
2936
2162
704
1834
3017
1739
349
2433
430
1260
2492
3923
1297
3619
162
93
3154
1631
3531
1217
2259
909
654
1436
3144
2413
158
3255
769
2288
1939
1057
862
639
3322
2137
3852
2478
1165
3533
3261
2761
1031
3384
1588
64
1300
3304
2996
3016
3395
539
191
502
1221
1886
3323
3875
1006
3072
1125
457
164
1161
328
1489
931
3090
1727
3389
3133
3368
866
1610
3749
3467
1066
2764
3451
3047
2049
1985
913
3698
3928
2449
780
3859
3743
3248
3305
249
2009
2384
3911
2553
3631
1760
1153
1539
801
3791
2781
1279
1921
1773
3799
841
2377
851
3997
1187
1356
923
1585
941
2988
1263
465
2597
2403
507
3341
463
1851
1936
3452
3153
119
1883
3879
3131
2038
1409
1897
21
3872
1243
1038
3432
2727
332
343
3727
858
3147
1269
956
382
2819
2605
2011
2410
3890
1696
980
61
1508
3286
2126
2427
1364
2842
3120
223
604
1619
653
3876
2426
1635
779
3984
1075
753
2260
2216
1139
1613
1154
3480
3399
266
2293
2718
1498
2903
2875
3644
2302
96
583
1076
208
2424
2101
659
2211
1063
666
169
354
3107
1185
642
2520
1408
940
2139
3157
484
3478
834
1915
3757
1392
2255
2457
2967
3012
1192
1344
2085
580
1174
2657
2057
1640
2409
978
3768
460
1863
3382
2609
877
2397
1559
148
413
1348
3819
552
1824
581
1623
424
62
510
307
2865
3378
260
3026
2485
101
1766
1995
991
810
2547
3523
3425
1029
1474
3397
628
3680
2373
470
3511
3460
2905
224
2442
383
3310
1025
3831
2154
2285
2751
1799
2746
607
998
826
3490
1093
1120
1427
1329
2220
147
3347
2841
1044
2351
1642
2147
2920
2282
932
1742
3456
2361
2946
3518
2335
3851
574
3745
3679
3437
1692
1967
775
696
3233
1000
813
1670
2532
3034
845
2481
3999
585
2743
781
2170
729
545
3369
3299
3463
3725
3649
3101
979
1622
1694
2730
232
3372
508
787
347
1457
2912
3796
3950
163
3319
1180
2280
423
984
575
2617
2352
1206
2738
3403
3829
2565
2982
3766
272
1783
1923
1148
3706
2856
206
18
2704
3321
743
3461
1199
3169
2641
1060
449
3714
523
1107
2065
1801
1580
2432
2429
407
3499
1245
2150
3565
179
786
3390
184
3645
3898
3684
671
2768
3398
2911
2863
3716
3266
3073
2544
72
2499
1362
1296
2999
1561
3877
2223
155
3196
478
2608
3349
3092
3291
2509
3855
962
2659
3066
1767
3764
3116
362
1355
1068
938
2334
633
2444
2975
1402
622
1644
81
2366
1616
450
1394
2824
1233
3417
1860
1054
3774
2129
1458
823
612
2031
3161
3986
3510
2683
1840
3117
1456
667
817
2276
943
3657
3320
3728
1073
3874
1802
440
3252
3049
3433
3616
822
741
2318
997
1877
428
849
3122
351
1354
1941
3998
556
1896
310
476
1256
324
2240
3019
924
438
2441
1547
159
1819
1082
2537
3170
3530
3344
953
2115
1979
3992
740
3206
605
3010
3643
3602
1003
3902
2474
1764
2613
237
1960
3786
2176
3977
835
1230
1919
2164
1628
988
3298
286
1290
685
528
516
2343
431
1902
309
48
2653
1366
3123
1872
3636
3430
1482
721
738
52
3893
297
2584
3454
3850
2204
2939
821
1275
1308
1085
814
353
490
2262
1014
3407
1231
1272
1983
3519
3297
891
1284
3193
505
3880
1899
1746
2245
3910
1763
1346
951
2295
2630
3173
2953
1759
1778
1289
2008
2902
3108
524
1823
144
3938
2131
733
302
2991
2644
942
2942
1020
1920
68
3487
766
85
1871
2769
559
560
1646
420
3236
2026
999
3423
2326
3592
3731
551
2037
2448
3856
785
3945
3567
3290
1105
1531
3495
3789
3658
3182
12
2666
3605
1945
3793
675
1232
1013
746
219
1509
2793
2437
570
1039
3505
467
1146
139
2551
1637
1118
873
1404
1806
1088
2166
542
215
2993
371
1211
3569
2527
3899
1987
3167
2215
396
1019
3278
3099
173
2821
1522
2207
1989
3667
960
2618
1905
501
3709
3043
1607
1242
2906
408
1163
2081
889
2010
2017
616
2647
1845
2827
3776
1556
2740
3189
606
67
1560
2535
1680
911
1709
1683
2390
2517
1716
3692
1710
127
2217
80
3529
3905
615
1214
1503
2219
715
1140
2530
618
3283
2917
3383
333
3561
1973
2493
3918
770
2825
2408
1286
2849
2637
3848
1703
3539
1469
2098
3926
3611
562
218
865
3596
3930
621
755
3563
1571
1491
2784
3184
79
197
493
3677
3046
335
1990
2030
3574
3606
2512
655
1188
3509
472
439
1309
2531
2193
3690
871
2820
3494
2061
549
2645
1176
2337
194
805
1530
2419
482
833
1577
3633
3904
1467
920
1536
2745
492
199
393
2106
2948
1129
3242
66
1611
1219
2958
576
3735
1541
190
1898
816
1606
1562
316
3739
1740
1993
1811
577
3844
1728
2465
2121
3755
1282
2808
1083
3586
2933
3773
2068
1376
2242
2545
1751
2596
117
3703
3881
2687
782
455
1369
681
724
876
701
1171
1422
2935
3953
2570
3711
3813
1384
1591
2508
1064
326
2636
3797
1975
3536
3737
1037
3699
2576
1228
2675
3513
1204
3446
2349
188
2879
1126
1339
2467
2084
1138
1110
1043
241
2932
3450
2622
1870
1205
1661
3142
613
1132
2925
3267
3682
2712
1523
1679
1056
2233
2539
3971
2627
2359
1090
1254
1336
399
2462
2756
2701
1197
65
1250
3843
1032
2749
2818
1660
1262
2542
2602
1035
2416
2734
3507
869
3069
1861
895
3381
2887
2921
3279
2702
3256
3029
2766
20
2652
3210
3687
989
414
3580
3948
3486
3296
2167
3380
2246
3985
3993
2862
3778
1395
1620
3845
1964
1225
1172
1572
1459
429
3959
2778
1681
3996
774
3316
3788
2739
3035
1909
3896
2476
859
3783
3794
400
1041
794
2459
3434
2811
1023
3952
1781
2136
1276
700
3862
645
3376
1270
2802
2064
1102
3835
1435
2032
3113
1513
1965
2004
2249
867
732
3245
202
1868
668
3431
288
1240
2028
1704
495
154
1150
836
3646
3466
1499
3949
1470
3562
996
808
3091
3673
2422
1825
1617
2937
1160
723
1130
2357
3932
1315
3471
3730
2066
2228
331
2643
2338
883
1252
2052
2447
1487
3128
329
2909
3500
2320
928
2196
468
1753
846
3491
1437
2048
3071
1045
1924
3686
2230
3104
3004
447
2569
204
1190
1814
456
3588
2191
2610
2760
1843
2923
1417
1504
3093
130
3158
656
3379
314
3224
584
3187
448
2007
3183
1175
32
1099
2876
1685
2591
3836
1844
2648
1338
2107
2521
856
41
1440
1730
2244
95
2475
1495
2345
1445
2168
2434
947
3599
3771
635
3810
2557
1343
2088
3070
1797
358
379
278
564
2117
596
2336
338
3854
317
537
3627
682
550
3825
3447
2803
2577
3115
4
1599
3474
3082
3931
2994
2370
1715
320
2072
3925
477
3936
3701
690
1371
1429
3465
1164
3076
1687
954
3582
255
1475
1439
2943
2451
1106
3422
2642
3982
2929
990
182
3970
1091
36
1689
3654
2965
2658
1291
2757
2564
2713
750
1196
1303
161
1976
2729
186
2316
3983
627
1441
1734
2918
1010
2506
1998
1218
875
2268
820
1113
3109
2097
14
2329
1968
2744
2956
1477
1876
982
926
3583
281
910
397
153
3332
344
498
3535
38
2182
1875
1888
2871
276
3223
2663
3858
2063
1805
325
2843
1061
1506
1030
1596
3857
2654
718
244
1226
2711
183
1141
1087
1959
3974
3385
3956
1970
1771
228
994
3800
884
466
2477
1735
3503
1396
3396
1618
2214
3166
180
3334
1430
1942
3208
2840
2976
3897
2934
1476
720
2914
3357
734
611
54
1517
2830
1507
1946
45
2786
730
3665
2304
2093
82
3989
2598
1521
115
921
1553
3607
1605
3276
3552
914
519
854
1958
240
168
2978
3869
2153
3199
2047
373
486
3861
3419
2586
2399
1111
3132
2440
3174
1676
1405
1550
3164
2431
3838
2165
1534
3674
1109
2594
2005
796
595
1581
418
91
1565
1866
1168
3365
306
2870
1590
1699
1367
2305
3203
3587
3288
1972
2156
3211
1893
3338
1867
1028
2736
1956
3235
599
1880
693
2660
1089
3180
3604
896
2344
233
1419
1519
1462
2051
2078
1655
2253
2797
2314
3079
1592
899
1584
1761
2878
1912
1798
3137
2924
2536
359
1337
2212
3204
3436
711
2284
3445
3916
87
1115
1815
1145
1317
1421
783
2144
3156
927
1529
534
3713
2060
3414
3311
2833
2234
3528
1952
3268
3579
2587
2700
600
3821
2146
1891
1159
2672
3272
3762
3394
2120
3191
3331
1659
2922
518
434
3504
3553
2491
1758
1210
3363
2787
2561
2387
1372
684
2853
1940
3834
3622
234
3300
2102
945
2930
2319
3259
3557
1471
3217
445
2977
2023
1829
3124
192
63
3328
3457
1200
1878
3289
33
1281
829
3464
609
830
3136
1974
670
1466
853
2984
3162
2339
2629
3691
2386
2563
2149
3693
1542
2224
3125
2142
3868
3148
2510
3522
3639
1540
894
214
1579
47
1662
3481
2615
1789
915
340
3138
1304
3492
2543
1955
3011
3651
2548
3473
7
1494
2705
3227
1627
1929
3814
2367
1582
198
828
128
2185
1713
712
881
3901
1017
1253
1022
3980
1906
763
2380
1103
2238
1325
230
235
3632
2763
2560
3370
1937
2297
1086
499
3719
1095
546
1012
2195
1895
831
2844
2670
929
1002
2762
3150
34
1347
1450
3547
3013
3747
3249
905
2289
1901
1904
561
1803
137
1143
3837
689
2187
959
415
3675
2123
2541
3624
3919
1988
1575
1349
1365
1793
25
3442
2574
772
563
912
2552
1663
3342
3672
2624
925
735
2265
459
213
2910
1071
676
2860
880
360
1604
2901
3364
3469
2172
3294
1350
1608
1702
311
2997
737
3145
3570
3362
403
3908
3032
3828
1046
844
731
691
935
3207
3669
678
3903
3871
3350
2899
1179
752
2695
922
2354
2264
2970
3612
3525
2573
3617
1059
1925
2516
2058
3572
946
2834
2205
2814
1292
1237
412
3060
1301
2059
3656
647
526
2500
3435
356
394
3036
2501
3355
2789
2812
725
1227
209
2208
3508
1969
258
1341
185
433
2949
308
2043
1750
2737
2540
2464
855
800
2857
1136
1097
1001
3472
3653
2839
1747
374
2960
3220
2690
679
1723
3085
1934
3900
2968
318
3660
437
1527
2758
578
2895
2325
3439
3542
3262
2353
1247
2684
1601
1706
2571
3194
3360
1573
1169
3751
3615
2846
1884
3402
3610
2348
3
2290
3335
3077
3031
1857
1855
1407
567
1615
3063
3001
3361
296
3114
410
2324
1986
3545
582
3209
3198
1535
2750
1370
2524
967
1094
1822
2291
2394
1900
1222
992
3917
1943
1121
2829
558
742
221
3981
3593
3100
3717
2181
2213
2788
321
1749
2461
1358
1682
3849
86
1178
861
2055
2300
601
60
649
1490
1800
2206
1472
2692
1782
809
2174
141
1549
2603
1100
84
268
1191
768
1756
916
3028
1887
765
3458
1167
1707
2891
1982
3707
975
453
838
2163
3708
2689
2716
1672
3541
1731
1762
531
3929
3315
1008
3159
2365
3068
2869
2600
280
3213
2969
3882
2306
27
726
764
3517
680
863
2698
2664
3576
1765
2188
3742
2947
2473
1576
1124
3139
2616
1916
1567
136
3748
2640
1268
2696
3408
2497
1302
1714
573
3424
201
246
2105
2859
650
56
122
857
2986
2298
1656
3732
3475
1736
227
646
2378
2847
2614
815
638
1258
2270
494
3613
2180
970
1452
3449
1077
3866
2263
2221
2794
1011
624
1497
1007
2890
1578
1486
3333
1918
3540
3650
3578
522
69
131
827
2708
950
480
2710
2633
1177
3637
566
2858
2836
933
3705
43
1098
587
3597
1569
1816
2327
966
1817
641
2621
3358
3215
1931
2443
3426
1112
2317
2496
323
2307
2340
629
3944
2945
1328
3863
42
1074
2966
2128
3181
2420
3015
727
2877
3704
116
2581
443
908
487
3155
2148
2625
2589
976
3662
2525
2612
658
2103
2190
1361
134
2604
1027
2016
527
687
2719
2714
2022
2333
1229
792
88
892
462
77
2183
109
2091
50
3087
3888
3254
3438
1563
2119
3118
617
1741
2897
40
1858
1677
2453
149
293
2286
2772
2628
2886
3371
107
3112
2522
3292
39
1719
1065
695
3889
1128
3257
392
3324
832
3823
1320
2460
2331
699
175
1122
3084
3459
1688
3200
987
3784
83
160
277
630
3668
1203
2777
3340
1524
2112
1548
2226
416
2533
3097
993
3301
3550
1775
1047
1478
1473
3927
1479
3670
1545
92
2388
2292
442
2239
1744
2707
2883
2703
1657
409
3470
3188
652
625
1821
2210
2050
893
3404
3702
2852
1241
1554
2368
2095
2682
2631
1516
3600
2592
3441
972
3314
290
2669
3720
571
1101
13
1266
1234
3988
2861
3318
2067
1288
3337
2222
1321
2893
2985
1971
3413
363
1570
553
1460
2952
1984
3273
590
2374
2