1199
16
1378
1478
104
763
1370
720
1937
1779
761
680
471
803
1240
1860
821
511
1734
95
804
1492
1524
746
1269
399
114
1445
309
1698
1789
1997
685
1419
183
440
1597
1731
1576
299
439
1001
121
844
1786
1878
319
363
1761
1990
687
1372
1063
463
822
1118
600
113
702
1804
432
1052
1906
1890
1540
1537
82
1607
1072
1993
1696
1177
1947
549
1338
1210
1899
179
1482
1398
1293
673
1846
1188
1345
1253
1193
978
1307
1908
52
1220
1147
747
110
1465
490
1969
1871
1422
345
374
1594
881
196
1119
846
1694
1518
1828
165
1130
253
941
294
1819
585
1371
1616
1444
26
1062
361
1356
469
698
1959
1421
1508
1758
775
1376
796
263
1351
686
1692
1089
755
727
170
475
77
967
1683
1927
546
995
115
1843
69
1511
601
1527
1622
573
1225
630
1719
871
235
55
359
200
866
1563
1613
1433
103
409
1464
449
1519
1606
1573
414
1275
1513
1705
1894
1288
267
624
635
1582
899
1417
171
1845
1762
54
946
1581
1681
1978
568
1874
1590
638
1124
525
403
1916
817
1610
1848
1299
1335
1504
924
172
1688
1326
1832
523
609
1310
1201
327
1517
1903
355
1645
1647
180
1992
1706
111
302
900
1093
1324
458
1988
482
1469
428
1583
693
713
860
484
1294
78
159
398
49
71
1620
626
221
636
1042
1031
237
1229
1757
455
885
531
1601
405
162
501
843
1011
1233
1145
290
1252
470
852
1850
897
372
948
1415
219
1770
62
151
1475
728
1006
102
1013
420
1673
126
1639
1258
640
1386
1077
1012
1205
1134
1264
731
371
1973
842
1514
1416
1454
1567
21
536
1223
421
1550
1702
450
1898
739
1227
467
1174
949
1087
991
1418
771
410
1360
431
947
1529
915
1844
1400
1241
270
577
1633
993
45
284
489
1555
812
529
677
963
289
1666
856
905
1221
329
1038
1270
664
476
1429
705
89
1115
326
1448
1048
1301
1219
741
306
1930
1157
198
1863
872
555
1966
465
250
1659
766
1535
870
448
1724
1306
1680
910
1931
445
1621
1122
220
1637
390
931
1392
719
61
1531
1730
1276
1198
1289
1667
695
769
567
1951
528
1808
1752
1655
1413
1577
1399
867
1169
473
1640
1158
109
666
1851
945
422
1551
1406
756
1066
360
595
849
1442
1503
255
737
1493
47
1261
1818
376
1929
51
1458
815
1175
43
174
1603
395
826
1441
442
1438
83
619
955
588
762
1321
1746
1340
1842
90
1362
375
1615
1032
689
700
1780
1298
1010
224
227
699
1353
1154
738
998
1740
735
542
534
989
1476
1809
1021
293
814
392
80
1718
1020
1769
444
1033
1879
1996
317
147
1049
133
88
715
904
1297
865
1751
188
734
415
562
462
241
1766
956
480
66
1725
1274
32
953
173
678
1110
1946
1635
1942
1218
46
483
721
532
339
552
1068
1162
37
1022
197
457
175
1395
1450
650
1831
1414
1202
621
1787
208
1858
830
1928
1835
1795
340
663
1354
1715
1861
487
382
1090
712
733
204
782
533
41
48
303
730
1651
1120
1333
99
1658
1078
1618
182
1939
1104
1602
770
364
1815
1045
1131
517
596
125
245
2
287
152
834
975
553
1455
1485
986
313
201
383
1382
1569
1643
94
1716
1631
351
1267
297
703
141
980
1533
1170
424
1960
1790
1003
1254
659
453
1568
1980
1507
1313
1627
1311
234
676
68
1759
504
1164
682
1109
389
316
452
1096
654
85
1995
1813
1085
754
486
481
20
1881
959
292
124
1472
413
841
829
34
1431
1674
1976
246
1385
228
1515
231
584
1742
1256
1968
157
1357
1285
494
1046
1373
1304
836
957
135
773
933
461
1069
1479
985
907
266
91
1885
1396
1116
1856
1817
597
1151
18
417
1575
1480
623
779
22
1239
903
1523
752
1849
540
1991
134
1308
1194
1743
12
1112
1230
1534
1332
1280
839
1886
893
571
242
239
1060
510
556
859
1806
320
943
130
1028
1917
1866
1342
783
1839
602
845
1212
1377
1123
1000
1420
1685
142
764
119
1723
1755
1126
1707
1560
1546
217
166
1775
987
575
1393
1057
1015
1979
1213
1051
632
447
333
1161
1139
169
1424
274
1100
751
434
977
878
940
944
1232
27
798
459
614
42
296
1700
416
38
1733
1763
218
1595
1291
122
1571
1140
379
1721
268
1584
765
1543
891
1172
1852
485
818
1574
1708
590
128
1876
1473
44
156
222
808
1814
1319
1185
919
1344
505
1391
1312
1797
1197
304
1461
1026
488
527
1714
1128
1036
884
1902
181
1094
701
120
1599
717
13
981
1447
1704
1974
226
565
1361
140
441
1259
1350
958
1409
787
810
848
1686
164
225
118
1184
569
472
1079
570
1768
1965
851
30
732
107
925
1095
1918
1722
509
559
1410
29
1510
694
1217
997
901
59
1067
1632
427
189
879
1557
258
349
31
1477
954
1566
408
1836
1833
1922
1262
1697
79
1278
1570
1962
291
1654
248
1363
325
1436
1389
1426
1900
1552
1500
1771
1670
665
917
566
1467
401
1367
1938
1857
1282
1737
831
1541
138
873
154
193
3
1127
800
1738
1055
1712
1892
736
168
840
186
550
1073
1108
806
1452
1985
832
520
1023
723
1671
670
1491
1675
244
658
269
123
404
492
1933
1071
229
805
1713
1423
1019
1380
477
515
28
369
960
256
1494
1909
1854
1317
1047
1756
1943
1542
1348
641
1117
1753
460
1950
1279
1593
1949
1171
923
1265
1295
794
1883
1030
691
279
748
1207
936
757
661
1137
1132
1791
1358
498
33
260
1074
1243
1156
350
335
127
1587
1998
106
1368
792
1383
911
1987
185
1802
1887
1024
711
36
1222
561
1300
1216
1401
1105
726
1963
1394
857
674
671
1691
1983
1284
1710
1502
1268
1744
1322
1427
744
14
11
1739
939
257
591
57
877
419
964
341
544
589
254
526
1058
760
1609
400
863
178
388
1629
1880
1669
1316
633
914
214
1163
1544
1331
136
1619
347
962
875
1821
1661
1462
1703
855
1528
1481
1029
1630
603
1272
1897
657
530
512
1840
1649
1498
65
617
1166
1215
557
593
1872
1088
1484
311
1548
916
1004
252
780
261
1726
1065
1505
1314
966
426
772
1653
598
1390
211
1864
628
909
6
1209
1180
418
784
850
1891
1437
1456
1608
758
1961
868
1159
1875
97
1053
1772
918
1247
618
994
1919
240
1446
1453
908
1644
386
1776
692
653
1660
380
1748
921
259
813
809
583
519
1007
1144
1870
789
828
1549
892
454
1940
337
430
362
207
1936
801
594
1977
1183
1451
1359
1679
491
1260
443
795
1364
1305
1920
582
1290
342
148
385
1346
1468
707
233
1277
202
1682
1801
1521
1191
338
1257
920
656
1853
1339
992
1086
500
1248
513
883
153
334
1101
1070
874
1081
1076
1059
1405
1381
1092
1729
277
718
1403
1646
143
1337
576
35
1592
322
1152
634
1283
387
1039
1798
627
894
521
243
620
1823
15
63
264
1589
305
579
314
1638
1822
437
639
742
1547
315
1111
1016
1578
1153
1648
1027
406
1623
74
1080
1932
647
205
961
1745
271
709
969
768
1901
608
177
230
307
1082
902
1041
1958
929
1975
862
1749
1677
232
1945
820
937
706
1411
965
373
629
1379
1695
1820
586
615
1925
1150
301
1516
538
411
1773
1588
714
1926
1701
1352
1807
1564
1612
323
1982
282
56
288
158
499
835
785
1499
999
496
1432
968
1250
129
823
8
578
1138
436
672
793
1676
514
209
631
1877
1167
1133
1182
1208
1236
1459
869
858
1292
1967
1200
1273
1830
950
1525
610
880
72
1440
1741
377
354
572
560
669
332
1375
696
87
251
330
1598
1957
9
876
343
886
187
990
1037
1690
1397
1788
394
1628
1404
1347
1636
1434
1956
167
611
328
1463
23
1106
466
655
1146
1641
495
587
1114
1596
1727
1428
1912
117
478
1044
276
1190
191
160
1501
1684
1954
1242
1911
7
249
537
681
184
1720
161
797
811
1443
1827
1545
1650
370
651
545
1796
1693
1302
81
145
1735
273
1040
1625
607
502
353
535
25
1913
479
1490
1486
213
934
70
1412
1837
1488
861
1315
298
1810
1083
365
612
1255
1160
176
524
740
683
321
1778
1888
1611
642
882
1296
1760
1782
139
1287
1699
516
146
652
503
1075
1017
777
1466
548
393
767
1862
1884
1309
1841
1617
1579
1091
1873
206
223
662
1824
1994
1249
1553
265
972
1355
1847
887
1793
1336
1750
1585
970
1664
1859
1050
1800
935
833
539
425
1986
1586
759
648
73
1944
300
1921
837
1895
668
688
1206
1816
983
1509
1882
1323
1910
1941
1165
1536
1
930
433
1173
622
1238
1777
927
1656
1129
1318
932
1204
280
697
1792
1176
1923
1245
518
906
1061
807
324
216
1506
979
825
1981
613
1251
407
1407
896
581
64
1244
1580
708
144
384
247
1572
1189
357
558
778
1605
1948
606
1234
1915
1689
974
1905
1388
1181
1672
1043
1228
1855
286
637
643
973
493
1136
942
1520
367
1330
922
1121
53
132
1538
1642
212
366
1838
275
1774
150
996
1263
644
1014
1952
281
1893
1366
331
101
1624
1430
236
1025
1487
1186
192
75
1532
50
819
743
378
1512
649
1955
781
889
1286
163
468
199
1224
155
429
599
926
391
1561
1168
451
729
58
1794
1449
1474
895
1365
112
1231
308
574
1811
1924
1142
318
412
1374
1107
105
1662
1971
890
1246
690
1565
1989
847
1098
616
1736
60
76
84
1767
1526
1327
1709
215
1904
1626
1439
1687
1178
1522
1867
564
799
774
1008
1829
1005
238
1187
802
149
725
1783
2000
1266
1781
24
951
96
984
1281
749
854
722
368
295
1799
976
1559
446
1652
1099
952
435
1604
336
348
508
1496
507
971
838
675
750
1034
982
988
464
10
1402
474
853
17
358
1328
1237
1934
1113
1349
352
928
824
790
1747
1460
4
402
19
108
605
646
1678
1754
1103
704
710
1812
912
5
1826
1562
1141
1457
1002
190
1530
1179
938
116
1497
1435
1325
1064
92
1155
310
1972
554
1711
1084
100
283
356
1834
1271
547
1226
580
1341
438
40
1149
497
1785
1054
131
1614
346
684
1320
1732
1303
1634
1235
1425
1056
1196
397
1035
776
786
210
625
1984
1408
1865
1495
137
1805
716
1195
1999
827
1097
1489
541
1192
1657
1803
543
203
1369
667
93
1665
913
1964
456
864
506
788
1102
1334
1591
1556
98
194
1896
1728
1554
1384
1018
1009
888
272
1889
1970
1953
1471
1600
1784
1668
1558
745
604
39
1148
1387
1143
1765
381
1663
262
344
645
563
1483
522
1825
679
898
551
1214
1907
1211
1135
1329
724
285
1868
1717
1935
195
1869
1764
1914
1125
660
396
86
1470
423
278
753
1203
312
1343
592
791
816
1539
67